No of Households,Total Population Person,Total Population Male,Total Population Female,Population in the age group 0-6 Person,Scheduled Castes population Person,Scheduled Tribes population Person,Literates Population Person,Literates Population Male,Literates Population Female,Total Worker Population Person,Total Worker Population Male,Total Worker Population Female,Main Agricultural Labourers Population Person,Main Household Industries Population Person
19148,89259,47115,42144,16593,9664,22,33499,21132,12367,27674,21860,5814,12577,443
19148,89259,47115,42144,16593,9664,22,33499,21132,12367,27674,21860,5814,12577,443
0,0,0,0,0,0,0,0,0,0,0,0,0,0,0
1205,5418,2876,2542,1012,1532,5,1868,1194,674,1858,1444,414,687,19
385,2257,1210,1047,377,122,0,1207,754,453,639,618,21,383,2
191,725,391,334,144,9,0,173,115,58,211,189,22,99,0
2386,10916,5836,5080,2119,1822,4,4175,2634,1541,3387,2769,618,1744,19
2226,9512,5093,4419,1552,907,0,3854,2431,1423,2800,2266,534,1612,31
845,4054,2161,1893,718,295,0,1227,769,458,1161,980,181,824,30
153,886,475,411,131,2,0,324,211,113,228,221,7,103,0
1431,7468,3991,3477,1501,841,4,2705,1766,939,1930,1687,243,852,21
395,1751,930,821,323,397,0,852,497,355,476,429,47,163,1
880,3986,2090,1896,724,260,0,1593,993,600,1444,1040,404,249,12
0,0,0,0,0,0,0,0,0,0,0,0,0,0,0
0,0,0,0,0,0,0,0,0,0,0,0,0,0,0
0,0,0,0,0,0,0,0,0,0,0,0,0,0,0
1705,8227,4195,4032,1453,23,0,2790,1635,1155,2138,1783,355,1053,8
1456,6257,3302,2955,1196,314,1,2498,1559,939,2252,1643,609,1041,79
341,2018,1068,950,401,239,0,766,489,277,533,485,48,321,4
1071,4938,2566,2372,949,974,2,1717,1069,648,1603,1189,414,689,28
223,1240,662,578,219,60,1,429,260,169,304,275,29,159,10
2362,11139,5903,5236,2239,894,0,4494,2886,1608,4256,2862,1394,1650,151
657,3056,1546,1510,557,168,1,874,605,269,879,664,215,362,1
867,3709,1917,1792,695,759,4,1457,907,550,1061,895,166,392,18
369,1702,903,799,283,46,0,496,358,138,514,421,93,194,9
0,0,0,0,0,0,0,0,0,0,0,0,0,0,0
28991,122239,64616,57623,23477,20478,37,52159,32520,19639,39254,31801,7453,17667,477
28991,122239,64616,57623,23477,20478,37,52159,32520,19639,39254,31801,7453,17667,477
0,0,0,0,0,0,0,0,0,0,0,0,0,0,0
4019,16980,8839,8141,3669,1828,17,6891,4168,2723,5334,4360,974,2911,141
0,0,0,0,0,0,0,0,0,0,0,0,0,0,0
1679,7231,3850,3381,1412,633,2,3011,1946,1065,2644,2018,626,948,27
1271,5342,2853,2489,1053,459,0,2428,1533,895,1646,1353,293,407,11
1331,5439,2874,2565,1047,1460,2,2342,1399,943,1914,1514,400,770,11
272,1113,576,537,200,105,0,491,300,191,290,275,15,183,1
1227,5331,2846,2485,1011,1342,5,2550,1622,928,1709,1332,377,703,11
423,1656,898,758,235,157,1,932,549,383,523,444,79,137,0
458,1802,959,843,356,241,0,688,443,245,520,458,62,236,7
840,3386,1831,1555,595,431,0,1607,1000,607,939,858,81,442,6
693,2981,1578,1403,549,1412,2,974,661,313,864,744,120,371,1
244,962,496,466,114,0,0,626,358,268,318,266,52,75,1
710,3012,1593,1419,643,1554,1,1178,759,419,1098,739,359,597,1
407,1704,914,790,344,204,0,723,514,209,704,443,261,256,8
236,1054,561,493,194,29,0,482,331,151,322,254,68,200,0
733,3313,1704,1609,646,882,0,1301,760,541,1141,893,248,499,0
312,1332,681,651,295,310,1,565,361,204,347,309,38,71,1
2802,12043,6383,5660,2241,1691,2,4762,3077,1685,3488,2944,544,1603,17
136,596,307,289,113,0,0,294,199,95,170,162,8,141,0
872,3698,1978,1720,722,655,0,1698,1067,631,1163,944,219,596,80
154,659,354,305,114,53,0,392,211,181,169,152,17,43,4
551,2221,1189,1032,400,441,2,1113,697,416,700,623,77,305,4
1688,7162,3804,3358,1186,949,0,3379,1983,1396,2130,1813,317,879,16
467,1851,954,897,382,810,0,883,544,339,576,495,81,453,0
283,1427,764,663,262,551,0,613,389,224,563,415,148,373,13
287,1357,706,651,251,0,0,581,363,218,500,380,120,402,3
764,3157,1668,1489,599,303,0,975,616,359,1069,839,230,651,20
41,129,69,60,14,0,0,99,60,39,44,39,5,3,0
428,1750,938,812,332,322,0,740,476,264,534,486,48,366,10
575,2876,1470,1406,694,108,0,908,564,344,877,740,137,513,3
1104,4640,2457,2183,747,735,0,2466,1444,1022,1597,1314,283,300,8
1589,6398,3396,3002,1211,1113,1,2645,1704,941,2115,1654,461,1119,43
781,3157,1678,1479,610,289,0,1097,687,410,914,847,67,408,1
574,2406,1316,1090,426,259,0,1022,680,342,845,630,215,291,11
609,2432,1280,1152,510,916,1,848,546,302,782,636,146,339,1
141,548,285,263,94,0,0,280,170,110,148,140,8,70,1
290,1094,567,527,206,236,0,575,339,236,557,288,269,6,15
23791,102785,54031,48754,19987,19077,341,40484,25088,15396,33532,26367,7165,10231,477
23791,102785,54031,48754,19987,19077,341,40484,25088,15396,33532,26367,7165,10231,477
0,0,0,0,0,0,0,0,0,0,0,0,0,0,0
894,3493,1864,1629,650,445,2,1427,857,570,1021,906,115,435,9
804,3609,1880,1729,833,1310,2,1313,846,467,1480,921,559,406,11
1269,5510,2990,2520,1027,771,0,2769,1697,1072,1838,1463,375,610,2
304,1282,703,579,225,339,0,407,269,138,424,399,25,137,0
945,3849,2013,1836,768,505,0,1393,861,532,1241,1028,213,590,17
970,4070,2089,1981,879,166,0,923,601,322,1061,972,89,603,9
1293,5989,3165,2824,1136,570,1,2732,1707,1025,2096,1522,574,863,23
483,2320,1172,1148,469,337,0,943,575,368,609,554,55,369,2
583,2694,1395,1299,531,465,0,1025,655,370,763,651,112,307,2
348,1452,747,705,251,211,0,597,354,243,439,374,65,243,2
717,3294,1715,1579,643,511,1,1313,873,440,1054,892,162,207,5
511,2079,1100,979,351,663,0,997,591,406,666,552,114,202,0
132,579,314,265,132,12,0,262,172,90,217,143,74,0,0
806,3617,1878,1739,708,206,0,1247,871,376,1554,1109,445,482,17
947,3958,2073,1885,937,1276,0,1021,645,376,1583,1058,525,130,1
837,3599,1851,1748,680,438,0,1443,937,506,1103,864,239,245,6
109,527,281,246,90,0,0,186,122,64,185,132,53,46,1
521,2157,1127,1030,378,777,0,1103,614,489,637,528,109,127,15
796,3495,1838,1657,753,987,1,1083,686,397,1324,906,418,293,1
822,3403,1798,1605,717,907,5,1073,699,374,939,818,121,133,7
830,3458,1821,1637,674,1243,1,1142,717,425,1077,923,154,242,21
2262,11024,5807,5217,2140,1424,110,4192,2555,1637,3924,2795,1129,803,176
1810,7780,4052,3728,1573,2187,216,2600,1582,1018,2282,1946,336,1039,52
644,2481,1322,1159,440,519,0,1185,749,436,779,662,117,203,33
1005,4367,2258,2109,839,743,1,1648,1021,627,1361,1059,302,770,15
2651,10667,5702,4965,1757,1325,0,5862,3433,2429,3078,2649,429,125,48
498,2032,1076,956,406,740,1,598,399,199,797,541,256,621,2
53039,251248,131668,119580,50613,33019,56,99402,63565,35837,82443,62938,19505,30875,1299
53039,251248,131668,119580,50613,33019,56,99402,63565,35837,82443,62938,19505,30875,1299
0,0,0,0,0,0,0,0,0,0,0,0,0,0,0
247,1061,572,489,208,793,0,387,253,134,275,264,11,192,1
356,1552,829,723,280,207,0,594,395,199,519,405,114,92,22
712,3522,1830,1692,664,412,0,982,691,291,898,821,77,87,4
554,2763,1448,1315,598,486,0,706,452,254,798,644,154,33,9
610,2792,1476,1316,533,364,0,862,635,227,1004,827,177,35,4
385,1674,884,790,310,139,0,793,508,285,527,441,86,85,0
0,0,0,0,0,0,0,0,0,0,0,0,0,0,0
1230,6408,3358,3050,1376,1184,0,1771,1213,558,2439,1559,880,831,1
0,0,0,0,0,0,0,0,0,0,0,0,0,0,0
25,130,68,62,34,47,0,52,33,19,32,30,2,2,0
601,2881,1525,1356,606,447,0,1255,767,488,1326,789,537,517,19
575,2813,1492,1321,576,875,0,1015,672,343,837,724,113,323,30
40,256,157,99,46,163,0,99,79,20,135,111,24,11,0
193,802,422,380,165,357,0,235,170,65,308,202,106,73,49
1755,9038,4785,4253,1708,816,0,4331,2716,1615,2407,2114,293,782,7
581,3232,1641,1591,693,1,0,786,535,251,1441,872,569,516,4
107,671,327,344,130,257,0,185,98,87,367,176,191,1,0
1760,8977,4741,4236,1850,119,0,3544,2345,1199,2742,2087,655,799,99
104,523,287,236,123,15,0,94,64,30,135,125,10,105,8
1137,5978,3142,2836,1124,1091,3,2300,1399,901,2009,1530,479,820,19
466,2258,1173,1085,437,0,0,968,646,322,668,583,85,281,8
2534,11919,6168,5751,2270,865,0,4693,2919,1774,3525,2910,615,1088,26
208,961,490,471,191,72,0,518,331,187,307,224,83,18,0
1267,6326,3256,3070,1262,506,1,2449,1456,993,2052,1574,478,938,24
582,2880,1515,1365,629,483,0,1294,825,469,882,692,190,496,59
0,0,0,0,0,0,0,0,0,0,0,0,0,0,0
913,4447,2356,2091,891,462,0,1742,1112,630,1102,1063,39,690,4
1078,5121,2634,2487,1164,562,0,1881,1167,714,1544,1213,331,642,24
323,1409,768,641,304,104,0,584,375,209,517,343,174,317,1
1471,6852,3600,3252,1396,1036,0,2815,1814,1001,2216,1727,489,874,43
428,2166,1140,1026,439,121,2,857,540,317,705,554,151,349,7
193,1018,508,510,200,31,0,420,259,161,298,252,46,90,0
676,3148,1570,1578,739,469,0,1358,848,510,1134,767,367,433,9
942,4711,2472,2239,982,424,0,2178,1390,788,1769,1168,601,965,7
631,2916,1542,1374,547,81,0,1470,945,525,794,705,89,154,2
638,2766,1411,1355,527,825,3,1210,790,420,918,680,238,286,51
539,2476,1323,1153,563,206,1,855,517,338,1041,618,423,344,1
775,3643,1905,1738,740,1217,1,1321,842,479,1052,867,185,554,21
60,259,137,122,47,0,0,120,71,49,73,67,6,24,0
685,3368,1800,1568,653,647,0,1136,806,330,1076,882,194,100,6
2405,11490,6100,5390,2135,1291,6,5374,3452,1922,3254,2804,450,1555,93
1040,4763,2485,2278,971,434,0,1993,1294,699,1656,1230,426,695,14
249,1165,619,546,210,152,0,577,366,211,305,289,16,150,0
538,2439,1272,1167,386,273,0,1037,628,409,805,617,188,412,15
509,2370,1246,1124,477,104,11,1127,739,388,934,597,337,615,0
803,4100,2122,1978,777,446,0,1808,1130,678,1105,950,155,424,5
718,3566,1882,1684,798,369,0,1541,987,554,1244,855,389,306,0
493,2735,1435,1300,583,177,0,1216,809,407,992,659,333,309,2
990,4482,2297,2185,981,985,0,1040,669,371,1326,1143,183,515,20
2225,9479,5061,4418,1941,1278,17,3821,2410,1411,3570,2651,919,1754,247
1109,4821,2550,2271,871,846,1,2627,1558,1069,1660,1198,462,793,9
2525,10632,5519,5113,2013,1172,6,4432,2721,1711,3741,2777,964,989,39
1188,5658,2972,2686,1095,341,0,2463,1593,870,1330,1266,64,773,20
3346,15238,7995,7243,2971,2343,0,6143,3951,2192,4789,3896,893,1762,109
546,2370,1276,1094,519,534,0,1217,769,448,902,696,206,346,7
1257,5719,2970,2749,1232,1229,2,1701,1143,558,1614,1363,251,268,19
185,931,492,439,174,431,0,405,282,123,256,247,9,245,0
1694,7887,4139,3748,1768,1607,0,2962,1953,1009,2930,1963,967,712,10
501,2366,1203,1163,536,485,0,760,517,243,604,574,30,128,10
2994,13838,7257,6581,2887,1574,2,4758,3009,1749,6077,3568,2509,2258,47
713,3508,1870,1638,738,399,0,955,677,278,997,953,44,636,41
426,1999,1040,959,349,319,0,909,579,330,726,528,198,246,12
148,715,388,327,151,0,0,342,222,120,251,161,90,58,1
1056,5260,2726,2534,1045,346,0,2334,1429,905,1503,1343,160,979,10
68586,338222,177463,160759,68872,34208,566,124362,79654,44708,113944,85756,28188,45830,1679
68586,338222,177463,160759,68872,34208,566,124362,79654,44708,113944,85756,28188,45830,1679
0,0,0,0,0,0,0,0,0,0,0,0,0,0,0
5591,25366,13397,11969,5304,3994,6,8807,5892,2915,7532,6433,1099,4009,73
557,2897,1528,1369,559,210,0,1164,780,384,1291,822,469,231,29
538,2737,1439,1298,613,593,1,902,630,272,843,677,166,534,8
226,1002,568,434,221,366,0,530,313,217,388,227,161,12,0
358,1926,1054,872,305,153,0,1030,665,365,432,418,14,26,0
2260,11440,5933,5507,2476,1681,0,3656,2429,1227,3682,2868,814,1621,36
701,3447,1843,1604,680,856,0,1431,960,471,1383,921,462,451,3
466,2203,1205,998,387,154,0,607,398,209,791,589,202,403,4
301,1518,780,738,338,84,0,531,338,193,500,346,154,133,16
1133,6163,3277,2886,1309,422,1,1705,1143,562,1747,1512,235,793,7
781,4227,2267,1960,943,337,3,1296,883,413,1223,1080,143,795,50
1590,7508,3949,3559,1444,1428,0,2417,1583,834,2417,1933,484,1430,6
385,1771,928,843,340,325,0,628,410,218,480,461,19,271,1
266,1196,626,570,257,63,0,305,207,98,359,322,37,309,5
2526,13203,6900,6303,2680,293,0,4229,2646,1583,4383,3381,1002,1610,90
413,2079,1115,964,427,259,0,848,567,281,721,542,179,46,10
199,1106,587,519,269,0,0,293,216,77,293,265,28,67,2
1207,6849,3588,3261,1545,404,0,2405,1521,884,1850,1662,188,478,55
195,1045,556,489,232,115,0,390,257,133,314,274,40,113,0
493,2867,1513,1354,538,162,0,1076,724,352,910,725,185,345,29
485,2190,1164,1026,386,1252,1,705,468,237,830,589,241,276,24
309,1506,806,700,320,43,0,503,333,170,388,378,10,258,1
360,1683,890,793,394,205,0,473,325,148,429,402,27,182,1
1776,8974,4667,4307,1855,661,1,3814,2453,1361,4119,2549,1570,866,56
113,703,377,326,153,1,0,377,235,142,232,164,68,43,0
665,3604,1933,1671,655,203,0,1629,1080,549,1328,955,373,865,8
356,1528,817,711,284,77,0,821,523,298,459,413,46,175,6
760,3614,1922,1692,802,716,0,1270,829,441,1014,899,115,433,8
1331,7177,3700,3477,1401,581,0,2824,1710,1114,2912,1827,1085,1376,37
511,2267,1177,1090,491,280,0,1144,735,409,849,543,306,476,15
846,4258,2161,2097,1018,81,0,1822,1060,762,1627,1098,529,741,18
652,3645,1848,1797,856,0,0,1026,601,425,1075,794,281,335,5
1368,7366,3827,3539,1492,281,0,2813,1727,1086,2856,1945,911,759,122
451,2440,1296,1144,496,19,0,845,558,287,759,631,128,206,22
410,2075,1103,972,320,174,0,825,544,281,734,620,114,434,38
535,2629,1379,1250,507,157,0,1070,624,446,814,635,179,521,37
1264,6501,3396,3105,1420,379,0,2627,1651,976,2328,1567,761,786,40
643,3298,1766,1532,706,190,1,1232,835,397,1057,826,231,677,17
740,3644,1813,1831,736,133,0,1331,781,550,932,864,68,408,2
152,641,343,298,146,0,0,209,146,63,301,183,118,162,0
222,1173,603,570,230,124,0,533,344,189,311,288,23,123,0
833,3963,2063,1900,823,173,0,1534,927,607,1301,1005,296,588,7
1679,8414,4313,4101,1953,118,1,2179,1349,830,2221,1820,401,627,45
225,1066,568,498,221,0,0,387,246,141,322,254,68,172,0
1426,7382,3839,3543,1552,331,0,1900,1280,620,2879,1916,963,1279,34
2326,12414,6488,5926,2529,1080,509,4902,3155,1747,4260,3232,1028,2183,22
656,3273,1750,1523,676,69,0,1398,902,496,1218,890,328,354,20
1247,6075,3266,2809,966,521,0,2348,1473,875,2150,1494,656,599,20
659,3559,1879,1680,744,212,1,1195,875,320,1166,887,279,518,10
130,591,327,264,99,85,0,289,176,113,171,163,8,35,0
537,2589,1342,1247,568,14,18,989,637,352,979,698,281,311,28
533,2626,1347,1279,492,120,0,1031,642,389,727,652,75,339,9
3643,17695,9317,8378,3706,2175,2,6622,4121,2501,5513,4352,1161,3036,26
890,4228,2229,1999,835,624,1,1763,1131,632,1411,998,413,314,164
943,4279,2250,2029,824,713,0,1932,1195,737,1653,1201,452,264,21
498,2464,1300,1164,471,386,2,1016,667,349,718,651,67,70,8
966,4236,2191,2045,802,294,0,2107,1266,841,1334,1065,269,647,15
1654,8111,4230,3881,1667,510,1,3204,2040,1164,2656,2147,509,1277,30
302,1440,738,702,322,201,0,711,430,281,612,368,244,154,6
608,2856,1494,1362,511,635,11,829,589,240,1138,782,356,576,36
489,2070,1108,962,378,131,0,1125,674,451,853,614,239,265,19
715,2953,1571,1382,566,168,0,1178,754,424,1131,797,334,550,16
668,2855,1478,1377,553,170,0,1475,904,571,1254,828,426,319,28
897,4476,2291,2185,1019,163,0,1338,836,502,1763,1098,665,518,8
394,1787,904,883,325,592,0,816,508,308,922,497,425,74,6
651,3002,1580,1422,492,737,1,1302,842,460,953,744,209,332,10
1230,5537,2731,2806,1140,660,0,2260,1257,1003,2128,1324,804,532,32
791,4008,2128,1880,797,962,0,1178,711,467,1054,840,214,430,12
658,3029,1552,1477,581,152,0,1282,780,502,1345,773,572,292,1
984,4686,2453,2233,848,361,0,1506,928,578,1274,1134,140,424,13
483,2814,1526,1288,558,252,0,1020,721,299,888,720,168,398,6
247,1398,778,620,265,148,0,597,401,196,631,381,250,210,1
320,1292,684,608,266,590,0,318,225,93,467,336,131,216,3
403,2175,1140,1035,457,467,0,1007,635,372,885,620,265,236,1
271,1362,719,643,352,517,0,161,106,55,404,341,63,226,1
925,3857,2009,1848,872,628,0,1417,934,483,1598,1008,590,534,5
1321,6190,3289,2901,1147,79,2,2500,1567,933,1731,1484,247,882,9
114,687,375,312,115,35,1,370,253,117,263,179,84,178,0
683,3458,1843,1615,641,740,0,1158,787,371,1268,893,375,708,18
1207,5983,3190,2793,1053,648,1,1952,1266,686,2299,1586,713,673,101
341,1598,850,748,312,126,0,507,342,165,457,404,53,90,4
542,2663,1446,1217,520,63,1,853,622,231,637,607,30,461,1
362,1615,846,769,319,102,0,563,376,187,417,345,72,160,2
45274,209945,109991,99954,40297,20283,25,88966,54165,34801,73108,53282,19826,24243,1646
45274,209945,109991,99954,40297,20283,25,88966,54165,34801,73108,53282,19826,24243,1646
0,0,0,0,0,0,0,0,0,0,0,0,0,0,0
446,2150,1156,994,441,0,0,970,542,428,838,541,297,398,9
507,2669,1417,1252,516,519,0,1152,746,406,1154,663,491,663,2
206,906,463,443,190,18,0,395,231,164,346,227,119,187,7
164,784,426,358,127,11,0,309,217,92,423,220,203,63,7
498,2350,1287,1063,497,29,0,689,480,209,955,602,353,429,3
661,3682,1957,1725,697,334,0,1366,905,461,1442,936,506,368,11
528,2758,1474,1284,505,218,0,1119,721,398,1279,724,555,667,3
1847,8173,4370,3803,1508,879,12,3774,2311,1463,2662,2067,595,572,61
14,60,29,31,8,43,0,9,5,4,17,15,2,17,0
680,3783,1986,1797,572,353,0,1237,764,473,1637,1003,634,812,20
801,3469,1827,1642,739,44,0,1134,673,461,1697,894,803,979,1
412,2348,1243,1105,510,424,0,791,506,285,841,593,248,413,9
0,0,0,0,0,0,0,0,0,0,0,0,0,0,0
1507,7676,3992,3684,1501,439,0,2640,1551,1089,2542,1852,690,1433,34
488,2192,1155,1037,397,430,3,874,556,318,664,521,143,174,2
515,2371,1206,1165,562,78,0,935,550,385,726,543,183,439,0
236,933,502,431,158,0,0,614,367,247,275,246,29,30,2
496,2489,1307,1182,574,294,0,840,550,290,657,624,33,266,3
461,1886,1017,869,399,310,0,783,548,235,841,524,317,351,1
699,3341,1782,1559,711,1348,0,1205,721,484,1115,803,312,289,9
591,2647,1384,1263,538,159,0,928,567,361,998,711,287,480,62
1396,6525,3421,3104,1314,381,0,2098,1302,796,2170,1599,571,590,22
956,3818,1891,1927,685,337,0,1974,1090,884,1610,1044,566,203,20
930,4449,2317,2132,895,609,0,2030,1251,779,1793,1066,727,286,59
795,3650,1833,1817,868,105,0,1587,940,647,1224,797,427,153,127
645,3217,1651,1566,746,502,0,1247,788,459,1174,752,422,403,35
1303,5248,2742,2506,923,309,1,2764,1621,1143,1888,1430,458,509,13
1385,5843,3114,2729,1105,880,0,2428,1574,854,2079,1527,552,444,57
991,4574,2386,2188,859,334,0,2095,1313,782,1813,1238,575,435,53
682,2794,1477,1317,425,227,1,1404,830,574,1123,773,350,262,18
408,1638,864,774,261,25,0,820,493,327,523,442,81,227,0
805,3150,1657,1493,563,213,0,1600,948,652,1114,855,259,504,8
270,1107,581,526,217,36,0,411,274,137,422,294,128,232,3
194,827,442,385,145,0,0,432,262,170,356,225,131,114,1
636,2731,1462,1269,514,319,0,961,629,332,1113,725,388,816,3
572,2475,1295,1180,478,486,0,1245,734,511,840,621,219,253,5
617,2431,1255,1176,380,46,0,1346,770,576,695,595,100,229,20
946,4000,2123,1877,688,338,0,1579,962,617,1612,1060,552,571,45
1236,6099,3234,2865,1206,109,0,2272,1442,830,2540,1673,867,1321,145
6289,29688,15611,14077,5320,2493,1,14887,8880,6007,8713,7481,1232,1082,287
445,2193,1148,1045,482,76,0,523,331,192,582,531,51,18,2
5114,23795,12439,11356,4647,3325,6,9769,6071,3698,7679,5989,1690,2433,265
1026,4559,2404,2155,805,566,1,2227,1290,937,1435,1188,247,408,54
1560,7996,4199,3797,1609,520,0,2910,1804,1106,2386,2011,375,1225,9
555,3053,1550,1503,593,455,0,1260,774,486,934,735,199,252,19
332,2014,1043,971,512,14,0,832,530,302,538,505,33,351,2
447,1877,947,930,408,416,0,750,445,305,840,462,378,301,51
885,4263,2151,2112,628,795,0,2622,1433,1189,1413,1015,398,746,30
134,660,348,312,103,12,0,255,140,115,385,202,183,188,12
369,1868,950,918,374,0,0,649,370,279,441,366,75,187,3
566,2591,1345,1246,530,256,0,725,463,262,1023,716,307,341,19
355,1445,729,716,325,85,0,640,375,265,523,363,160,109,2
673,2700,1402,1298,539,84,0,860,525,335,1018,693,325,20,11
57120,262527,138384,124143,52263,39724,140,105822,66563,39259,94843,68852,25991,35334,1613
57120,262527,138384,124143,52263,39724,140,105822,66563,39259,94843,68852,25991,35334,1613
0,0,0,0,0,0,0,0,0,0,0,0,0,0,0
139,544,288,256,95,87,0,164,115,49,147,129,18,10,0
742,3194,1695,1499,614,501,2,628,426,202,929,678,251,200,3
419,1717,891,826,377,428,0,614,400,214,707,397,310,220,5
727,3029,1581,1448,542,857,1,1250,795,455,1179,852,327,398,8
397,1746,939,807,298,226,0,693,459,234,950,553,397,230,66
1259,5418,2867,2551,1002,691,0,2421,1571,850,2451,1501,950,526,78
235,942,508,434,182,0,0,503,318,185,336,266,70,90,1
809,3167,1646,1521,603,206,0,1428,877,551,1152,760,392,551,12
348,1545,829,716,326,139,0,548,356,192,660,403,257,465,1
544,2403,1287,1116,464,248,0,1053,672,381,829,662,167,76,5
718,2974,1544,1430,508,728,1,1488,902,586,923,769,154,355,8
765,3635,1917,1718,719,308,0,1382,908,474,1280,968,312,170,3
986,5278,2840,2438,1142,719,0,1959,1283,676,1441,1320,121,969,7
561,2648,1435,1213,536,393,1,1202,788,414,1186,831,355,110,0
781,4255,2230,2025,874,656,1,1371,894,477,1640,1042,598,219,91
0,0,0,0,0,0,0,0,0,0,0,0,0,0,0
0,0,0,0,0,0,0,0,0,0,0,0,0,0,0
781,3979,2114,1865,761,433,1,1456,938,518,1746,1130,616,985,5
61,296,173,123,57,0,0,172,110,62,102,101,1,95,0
661,2997,1595,1402,583,212,0,1576,923,653,1032,788,244,338,6
538,2525,1319,1206,510,524,0,1035,613,422,921,602,319,276,137
472,1905,985,920,278,178,1,755,462,293,777,413,364,140,30
391,2085,1100,985,476,700,0,951,596,355,741,510,231,383,18
1013,5309,2775,2534,1036,236,1,2015,1327,688,1890,1413,477,797,13
1421,6592,3559,3033,1292,1043,1,2820,1806,1014,2302,1709,593,919,64
382,1618,853,765,270,32,0,858,515,343,439,404,35,212,9
303,1316,688,628,270,232,0,460,285,175,348,342,6,165,0
303,1214,668,546,244,38,0,233,161,72,500,312,188,87,2
676,3394,1810,1584,690,364,0,1611,1020,591,1069,886,183,357,21
335,1574,826,748,343,66,0,461,278,183,534,405,129,380,4
437,2096,1065,1031,402,191,1,863,521,342,546,526,20,355,2
494,2463,1276,1187,502,360,0,1066,659,407,1231,709,522,509,8
412,1915,1039,876,357,124,0,1071,684,387,533,486,47,170,17
507,2230,1182,1048,318,207,0,1542,863,679,674,582,92,25,1
2751,12826,6670,6156,2668,1004,0,4475,2859,1616,4939,3357,1582,756,90
5334,24932,13094,11838,5068,3600,1,9093,5796,3297,10652,7029,3623,3359,58
2871,14339,7471,6868,3099,1251,1,5340,3172,2168,5301,3658,1643,2303,28
925,5011,2659,2352,1118,341,10,1582,1025,557,1618,1283,335,485,24
889,4473,2390,2083,904,1487,1,1903,1248,655,1996,1271,725,1115,47
197,877,469,408,181,73,0,424,283,141,243,215,28,88,23
276,1587,835,752,310,422,0,635,410,225,614,432,182,165,2
1610,7608,4056,3552,1434,706,3,3834,2380,1454,2749,2113,636,662,6
1369,6268,3436,2832,1188,560,2,2692,1758,934,1993,1568,425,627,5
1057,5054,2628,2426,1047,673,0,1805,1156,649,1942,1299,643,335,34
369,1534,808,726,323,606,0,681,418,263,675,401,274,328,1
694,2952,1563,1389,563,873,0,1097,692,405,852,790,62,615,17
745,3679,1873,1806,734,754,0,1559,927,632,1354,905,449,837,24
282,1335,698,637,256,229,0,573,383,190,284,278,6,148,0
391,1781,951,830,263,119,0,1075,635,440,710,505,205,208,29
428,2244,1162,1082,492,63,0,855,535,320,711,572,139,185,7
951,4240,2266,1974,755,1234,1,2198,1383,815,1320,1001,319,443,251
481,2404,1282,1122,461,347,1,1219,778,441,824,586,238,203,40
524,2454,1315,1139,423,493,0,1124,731,393,833,617,216,348,9
495,2140,1130,1010,413,660,1,924,589,335,909,508,401,471,4
33,164,82,82,25,0,0,92,60,32,52,48,4,38,6
559,2377,1252,1125,550,47,0,1040,635,405,945,627,318,671,5
297,1292,707,585,273,105,0,427,290,137,555,347,208,442,1
76,341,173,168,88,53,0,121,78,43,95,92,3,90,0
242,1039,571,468,211,153,0,494,310,184,302,285,17,64,2
605,2469,1316,1153,477,289,0,1276,798,478,1043,723,320,97,4
663,2646,1402,1244,490,342,0,1357,826,531,719,665,54,179,3
338,1592,845,747,325,413,2,754,463,291,459,412,47,235,10
208,1130,578,552,276,56,0,411,245,166,258,249,9,204,2
450,1995,1063,932,426,357,0,936,567,369,514,478,36,286,1
275,1249,643,606,259,171,0,544,323,221,366,311,55,198,0
476,1968,1045,923,401,718,0,821,493,328,639,507,132,189,7
88,546,276,270,67,51,0,304,195,109,142,110,32,68,7
274,1181,617,564,227,39,0,441,288,153,324,304,20,277,0
707,3185,1683,1502,707,453,0,820,550,270,1171,850,321,584,12
315,1509,780,729,316,360,0,350,246,104,402,388,14,293,4
237,1074,553,521,236,56,0,435,280,155,307,247,60,162,1
492,2234,1176,1058,447,92,0,1185,730,455,742,566,176,291,17
533,2350,1257,1093,480,338,0,1012,686,326,670,588,82,243,7
253,1053,559,494,168,428,3,419,253,166,280,255,25,236,5
1507,6828,3576,3252,1346,2126,2,2612,1682,930,1918,1741,177,1275,10
375,1611,827,784,342,0,0,377,243,134,703,410,293,279,3
973,4192,2164,2028,961,917,2,934,575,359,1741,1158,583,984,55
382,1706,896,810,391,279,0,677,431,246,493,419,74,275,1
81,355,189,166,66,0,0,154,93,61,89,88,1,0,0
492,2370,1231,1139,545,1811,90,446,307,139,894,598,296,72,0
309,1316,688,628,229,134,0,580,336,244,366,357,9,9,0
372,1567,800,767,279,214,0,719,430,289,644,469,175,206,42
0,0,0,0,0,0,0,0,0,0,0,0,0,0,0
202,885,472,413,149,274,0,362,228,134,440,269,171,368,5
1644,7135,3747,3388,1495,1350,0,1941,1249,692,2864,1928,936,1373,56
823,3324,1744,1580,628,621,4,1801,1079,722,1084,883,201,390,2
158,749,383,366,159,0,0,308,194,114,276,204,72,145,4
364,1385,720,665,218,205,0,919,519,400,453,364,89,152,1
273,1029,542,487,187,344,1,499,293,206,301,282,19,69,7
788,2940,1547,1393,448,306,4,1517,905,612,878,793,85,427,9
43032,206979,109257,97722,41331,30112,19,89725,55618,34107,59194,50661,8533,20465,1236
43032,206979,109257,97722,41331,30112,19,89725,55618,34107,59194,50661,8533,20465,1236
0,0,0,0,0,0,0,0,0,0,0,0,0,0,0
4259,20193,10608,9585,4232,1429,5,8703,5426,3277,6550,4950,1600,2168,269
1292,6387,3356,3031,1368,985,1,2232,1422,810,2044,1679,365,993,22
280,1367,724,643,297,151,0,477,299,178,408,362,46,65,1
0,0,0,0,0,0,0,0,0,0,0,0,0,0,0
0,0,0,0,0,0,0,0,0,0,0,0,0,0,0
517,2701,1455,1246,516,464,0,1092,721,371,729,671,58,232,2
1060,4956,2607,2349,955,874,0,1974,1192,782,1442,1279,163,678,28
326,1439,743,696,300,155,0,643,392,251,388,369,19,171,5
810,3606,1926,1680,693,812,0,1627,1061,566,1047,920,127,762,19
5766,27518,14572,12946,5188,6415,7,12885,7837,5048,7753,6657,1096,3226,200
170,924,494,430,178,0,0,284,202,82,225,214,11,53,0
237,1051,567,484,197,116,0,483,285,198,289,250,39,3,1
2104,8988,4753,4235,1630,960,0,4673,2899,1774,2781,2337,444,848,60
589,2769,1503,1266,555,311,0,1244,829,415,921,668,253,152,111
1214,5924,3104,2820,1273,1067,0,2690,1701,989,1585,1442,143,349,18
2017,10226,5356,4870,2264,892,0,3531,2266,1265,2552,2354,198,953,10
1547,7504,4002,3502,1447,1522,1,3865,2293,1572,2081,1858,223,90,78
168,765,402,363,176,385,0,229,148,81,226,181,45,175,2
686,3383,1813,1570,628,401,0,1643,1036,607,898,843,55,328,34
262,1025,545,480,222,375,0,532,308,224,291,275,16,106,3
657,3399,1778,1621,780,737,0,1316,808,508,1028,808,220,373,1
1316,6442,3422,3020,1186,633,2,3075,1893,1182,2025,1680,345,811,27
657,2786,1467,1319,476,446,0,1353,840,513,768,716,52,415,14
1261,6272,3368,2904,1141,1152,1,2919,1790,1129,1911,1525,386,776,9
1134,5608,2988,2620,1207,488,0,2117,1316,801,1480,1327,153,340,21
0,0,0,0,0,0,0,0,0,0,0,0,0,0,0
103,720,396,324,133,121,0,343,221,122,195,189,6,3,0
555,2809,1492,1317,548,585,0,1204,739,465,891,671,220,273,6
532,2612,1389,1223,562,444,0,840,525,315,923,718,205,161,4
1095,5301,2800,2501,1003,372,0,2235,1350,885,1511,1353,158,486,33
1247,5800,3070,2730,1083,1393,0,3008,1810,1198,1497,1414,83,654,28
1089,5056,2684,2372,973,1486,0,2299,1372,927,1432,1254,178,652,4
927,5270,2841,2429,1034,312,0,2377,1491,886,1352,1284,68,348,25
1500,7516,3952,3564,1461,406,2,3258,1999,1259,2133,1880,253,588,44
363,1677,901,776,382,133,0,728,498,230,393,364,29,22,0
2630,12104,6190,5914,2521,1653,0,5351,3230,2121,3161,2706,455,766,74
1122,5519,2863,2656,1159,1430,0,1763,1118,645,1675,1366,309,805,28
1095,4937,2624,2313,1036,209,0,1599,1068,531,1341,1254,87,677,9
178,1066,534,532,253,0,0,339,229,110,328,256,72,209,3
640,3378,1798,1580,656,197,0,1314,877,437,812,698,114,322,17
899,4229,2221,2008,817,407,0,1778,1105,673,1217,1100,117,144,4
728,3752,1949,1803,801,194,0,1702,1022,680,911,789,122,288,22
18589,86016,45441,40575,17026,12737,11,34364,21537,12827,27780,21791,5989,13230,525
18589,86016,45441,40575,17026,12737,11,34364,21537,12827,27780,21791,5989,13230,525
0,0,0,0,0,0,0,0,0,0,0,0,0,0,0
246,1136,579,557,228,69,0,411,278,133,470,300,170,331,12
279,1294,694,600,307,80,0,284,176,108,358,338,20,88,1
486,2085,1131,954,465,429,0,846,579,267,742,572,170,444,10
264,1223,619,604,255,138,0,413,265,148,595,308,287,190,6
329,1431,776,655,281,195,0,530,316,214,666,342,324,466,0
501,2312,1241,1071,410,534,0,1036,688,348,640,584,56,389,1
537,2620,1371,1249,462,136,2,1268,739,529,1123,709,414,452,6
763,3576,1866,1710,725,181,0,1245,750,495,1010,886,124,345,3
588,2693,1405,1288,558,177,0,1053,691,362,847,664,183,378,64
155,715,374,341,162,226,0,326,199,127,354,172,182,47,5
695,3195,1699,1496,654,179,0,1055,653,402,900,820,80,529,14
330,1591,839,752,284,283,0,726,433,293,618,453,165,295,8
2017,9423,4944,4479,1954,1095,0,3729,2341,1388,2730,2371,359,1389,58
395,1782,960,822,334,449,0,742,486,256,517,426,91,180,4
2036,9062,4818,4244,1746,2253,2,3902,2481,1421,3186,2277,909,1142,182
288,1484,756,728,313,140,0,444,284,160,547,406,141,317,4
1997,10583,5581,5002,2253,945,0,3791,2443,1348,2853,2531,322,1205,8
1538,6848,3565,3283,1267,1049,4,2470,1536,934,2119,1699,420,1126,5
529,2501,1368,1133,449,588,1,916,602,314,791,678,113,509,5
2471,11119,5954,5165,2095,1547,1,4745,3015,1730,3721,2873,848,1941,74
994,4160,2214,1946,636,1408,0,2406,1377,1029,1317,1141,176,600,46
1151,5183,2687,2496,1188,636,1,2026,1205,821,1676,1241,435,867,9
23195,100340,52973,47367,19247,13443,18,43302,26623,16679,33697,26604,7093,9281,551
23195,100340,52973,47367,19247,13443,18,43302,26623,16679,33697,26604,7093,9281,551
0,0,0,0,0,0,0,0,0,0,0,0,0,0,0
1420,6192,3336,2856,1170,501,1,2460,1575,885,2203,1579,624,508,16
1373,6279,3335,2944,1186,910,0,2786,1712,1074,1846,1650,196,198,91
409,1977,1039,938,406,166,0,780,499,281,536,504,32,4,0
426,1868,1017,851,354,442,2,839,522,317,554,497,57,160,1
673,3068,1620,1448,661,662,0,801,542,259,1019,782,237,437,38
207,854,457,397,180,160,0,302,193,109,313,250,63,78,1
1762,7339,3835,3504,1419,1046,0,2951,1810,1141,2453,1926,527,1236,110
781,3794,1965,1829,708,516,0,1612,912,700,1144,955,189,73,2
855,3616,1906,1710,694,707,0,1571,976,595,1138,982,156,615,46
379,1494,772,722,296,298,3,834,468,366,661,399,262,68,10
439,1752,925,827,302,242,0,754,439,315,836,514,322,213,25
117,485,266,219,90,265,0,192,133,59,128,120,8,0,0
619,2750,1428,1322,540,653,3,1410,852,558,869,706,163,38,38
27,110,58,52,26,0,0,5,3,2,44,31,13,26,0
894,3788,1997,1791,750,1042,2,1667,1035,632,1362,1020,342,364,10
695,2306,1219,1087,290,237,0,1465,822,643,1002,731,271,403,3
479,1994,1049,945,340,68,0,1049,651,398,803,633,170,189,6
532,2440,1298,1142,437,380,0,1283,779,504,837,664,173,231,8
754,3757,1980,1777,741,353,0,1139,766,373,1465,1088,377,117,10
180,873,439,434,204,528,0,172,111,61,381,218,163,118,0
274,1165,635,530,248,522,0,290,196,94,603,342,261,466,0
2255,9890,5239,4651,1822,689,2,3621,2286,1335,3422,2578,844,740,17
720,2481,1309,1172,438,143,1,1430,813,617,951,689,262,140,35
105,431,232,199,67,47,0,238,141,97,278,160,118,42,0
517,2310,1202,1108,476,92,0,861,544,317,795,573,222,77,10
352,1528,822,706,318,325,1,660,415,245,580,401,179,136,22
4,13,6,7,3,0,0,4,1,3,4,3,1,3,0
520,2316,1219,1097,448,59,0,1005,599,406,685,580,105,420,2
829,3728,1972,1756,688,331,1,1896,1190,706,1016,935,81,453,14
1024,4749,2519,2230,1011,326,0,2000,1301,699,1284,1207,77,363,6
270,1153,612,541,219,97,0,636,363,273,402,277,125,8,12
768,2991,1563,1428,532,179,0,1822,1037,785,1023,837,186,128,0
151,626,335,291,139,0,0,234,166,68,178,174,4,156,0
667,3038,1594,1444,644,134,1,1392,876,516,883,796,87,294,1
84,384,211,173,71,51,0,152,100,52,139,112,27,76,2
653,2690,1402,1288,593,875,0,970,583,387,738,649,89,309,15
645,2698,1407,1291,490,313,1,1286,777,509,703,657,46,272,0
336,1413,753,660,246,84,0,733,435,298,419,385,34,122,0
82692,372579,197632,174947,70355,47919,1026,159122,96792,62330,120054,94821,25233,41555,2010
82692,372579,197632,174947,70355,47919,1026,159122,96792,62330,120054,94821,25233,41555,2010
0,0,0,0,0,0,0,0,0,0,0,0,0,0,0
2085,9126,4887,4239,1535,1375,0,4454,2732,1722,3538,2477,1061,973,19
553,2688,1404,1284,500,271,0,1294,824,470,725,644,81,138,1
423,1808,921,887,374,115,0,704,412,292,692,446,246,260,8
164,677,352,325,144,82,0,241,151,90,319,169,150,0,0
50,262,130,132,56,0,0,133,82,51,198,98,100,10,49
59,298,145,153,62,0,0,103,77,26,210,107,103,49,70
461,1874,1006,868,330,344,0,786,481,305,673,449,224,413,7
176,1000,537,463,188,191,0,324,211,113,150,150,0,150,0
709,3134,1648,1486,567,771,0,1310,769,541,661,631,30,101,3
2752,12052,6407,5645,2180,1188,0,5270,3239,2031,3211,2872,339,663,34
1587,7484,4017,3467,1271,406,0,3142,2002,1140,2222,1916,306,424,26
40,201,90,111,59,29,0,44,28,16,49,41,8,36,0
426,1915,998,917,396,216,0,799,514,285,531,497,34,269,4
359,1658,871,787,307,543,0,657,400,257,613,440,173,258,1
327,1448,763,685,216,76,0,723,425,298,506,381,125,214,3
249,1136,618,518,249,0,0,518,338,180,286,271,15,12,1
687,3000,1607,1393,522,231,0,1436,896,540,869,800,69,189,14
5681,28097,14879,13218,4858,1555,0,13997,8545,5452,7802,6888,914,2317,166
274,1465,785,680,320,102,0,408,273,135,356,295,61,7,0
633,2864,1510,1354,687,545,2,779,492,287,734,698,36,575,8
782,3715,1984,1731,712,315,0,1425,907,518,1049,885,164,308,3
473,1974,1038,936,398,401,0,880,531,349,648,486,162,6,0
749,3469,1843,1626,612,395,1,1286,808,478,1091,895,196,156,3
2779,12943,6929,6014,2479,933,11,4623,2876,1747,4041,3063,978,945,46
321,1632,852,780,332,445,0,594,344,250,557,403,154,106,2
1835,9261,4912,4349,1888,766,0,2722,1763,959,2919,2326,593,1216,39
586,2543,1324,1219,465,206,0,1316,770,546,776,620,156,418,6
1372,6381,3338,3043,1228,1103,1,2744,1627,1117,1829,1565,264,549,46
524,2464,1288,1176,440,196,0,1133,641,492,767,609,158,151,23
592,2800,1504,1296,513,558,0,1014,632,382,878,684,194,700,16
0,0,0,0,0,0,0,0,0,0,0,0,0,0,0
549,2762,1466,1296,484,49,1,1629,969,660,665,603,62,298,6
373,1675,888,787,340,242,170,550,358,192,459,385,74,174,24
1661,7676,4043,3633,1470,1177,487,2629,1669,960,2092,1865,227,926,127
995,4773,2538,2235,976,223,0,2033,1344,689,1679,1203,476,572,12
3373,14259,7611,6648,2353,1591,0,7890,4520,3370,4087,3658,429,1307,28
2568,12091,6429,5662,2253,1148,2,5667,3492,2175,4086,3277,809,2031,77
1421,5889,3115,2774,1083,754,0,2930,1747,1183,1826,1448,378,247,23
98,458,237,221,102,0,0,190,103,87,135,122,13,97,0
399,1728,915,813,356,518,0,704,431,273,660,464,196,11,11
599,2351,1216,1135,493,661,1,838,499,339,806,615,191,249,5
89,332,177,155,52,92,0,202,113,89,144,100,44,39,3
329,1549,823,726,247,267,0,756,453,303,412,383,29,43,1
199,953,497,456,150,106,0,356,192,164,532,317,215,196,2
413,1786,986,800,272,268,0,796,503,293,842,451,391,314,2
2807,10939,5853,5086,1783,940,2,6093,3525,2568,3370,2887,483,1019,48
1030,4085,2182,1903,688,691,2,2160,1277,883,1555,1158,397,735,36
392,1663,876,787,295,321,0,789,462,327,694,482,212,307,10
25,103,54,49,8,71,9,30,21,9,58,36,22,0,0
469,2092,1069,1023,418,173,0,561,351,210,921,558,363,80,22
465,2023,1079,944,428,449,0,585,384,201,1161,705,456,898,2
433,2014,1060,954,463,947,0,694,444,250,924,550,374,188,57
820,3524,1876,1648,717,54,0,1105,669,436,1519,962,557,552,7
591,2705,1422,1283,685,861,0,775,491,284,873,680,193,393,10
473,1958,1049,909,422,148,0,659,404,255,573,515,58,149,2
1230,5607,2951,2656,1169,802,0,1955,1209,746,1999,1488,511,537,26
624,2603,1385,1218,465,568,0,1039,638,401,908,748,160,264,1
432,1896,1044,852,311,51,0,882,569,313,640,509,131,343,4
192,979,513,466,171,325,0,422,257,165,361,239,122,91,0
969,4561,2429,2132,838,877,1,1559,1018,541,1380,1166,214,632,8
622,2952,1561,1391,666,654,1,1051,663,388,956,757,199,595,8
897,4385,2293,2092,917,205,0,1646,952,694,1135,1055,80,316,3
1207,5336,2816,2520,943,949,3,2347,1385,962,1501,1358,143,521,0
817,3737,1979,1758,777,525,1,1544,905,639,1975,1195,780,600,385
65,307,164,143,56,0,0,48,29,19,68,65,3,56,1
326,1413,746,667,220,269,0,910,527,383,484,388,96,2,3
576,2675,1430,1245,503,724,0,1128,701,427,862,621,241,396,12
154,663,379,284,52,81,0,306,213,93,383,234,149,258,10
1062,4898,2550,2348,1088,457,0,1341,789,552,1786,1141,645,708,15
427,2072,1104,968,430,441,5,672,473,199,615,531,84,43,22
1522,7149,3849,3300,1327,659,1,3047,1965,1082,2461,1760,701,913,10
2057,9104,4796,4308,1725,646,0,3886,2409,1477,2919,2204,715,582,37
2641,10810,5718,5092,1887,1670,3,4397,2625,1772,3973,2991,982,1138,35
174,582,316,266,62,42,0,432,249,183,337,219,118,321,1
5,13,7,6,0,0,0,9,7,2,9,5,4,0,0
229,960,514,446,218,254,2,470,257,213,358,257,101,2,1
267,1193,640,553,227,190,0,464,289,175,435,308,127,218,2
4800,21273,11262,10011,4098,3170,312,9076,5388,3688,6940,5230,1710,3350,123
418,1793,951,842,378,952,0,640,410,230,524,458,66,194,4
654,2863,1521,1342,590,335,0,1338,860,478,972,750,222,507,8
630,2865,1526,1339,572,31,0,1257,784,473,929,727,202,320,12
0,0,0,0,0,0,0,0,0,0,0,0,0,0,0
1101,4474,2383,2091,850,210,0,2204,1318,886,1576,1207,369,162,1
443,1868,1000,868,338,0,0,349,228,121,850,584,266,155,25
821,3180,1686,1494,606,893,1,1051,615,436,1402,924,478,346,32
205,956,523,433,197,294,0,290,198,92,468,273,195,9,0
25,102,52,50,25,0,0,50,24,26,31,25,6,12,0
48,176,101,75,29,0,0,122,81,41,53,50,3,11,0
538,2389,1236,1153,551,421,3,999,588,411,678,602,76,488,0
1816,7975,4215,3760,1703,849,1,3318,2075,1243,2316,1911,405,1188,22
195,707,380,327,156,311,0,375,213,162,189,177,12,0,0
619,2457,1299,1158,339,355,0,1437,779,658,905,643,262,134,1
469,2084,1077,1007,454,276,0,902,532,370,519,469,50,180,8
403,2139,1125,1014,465,572,0,598,364,234,590,570,20,367,6
14,78,44,34,16,2,0,23,16,7,21,20,1,0,0
330,1786,941,845,399,173,0,549,345,204,479,441,38,256,5
1843,9239,4983,4256,1719,1005,0,4492,2722,1770,2816,2401,415,1415,43
123,540,289,251,79,0,0,310,189,121,141,137,4,42,0
1477,6847,3632,3215,1487,1275,2,2978,1716,1262,2061,1756,305,974,18
113,522,267,255,130,139,0,249,136,113,132,117,15,70,0
267,1183,627,556,150,75,0,828,449,379,320,287,33,63,0
566,2431,1280,1151,546,1083,1,652,422,230,624,593,31,338,5
72354,354748,188181,166567,69958,38737,70,148589,92512,56077,116111,90265,25846,37515,3694
66903,326332,173053,153279,64964,36990,63,133022,83431,49591,107059,83058,24001,36592,3219
5451,28416,15128,13288,4994,1747,7,15567,9081,6486,9052,7207,1845,923,475
760,3752,1980,1772,824,888,1,1702,1056,646,915,860,55,171,2
602,2908,1541,1367,711,200,0,1214,799,415,820,735,85,170,0
2910,14267,7595,6672,2831,1731,1,5637,3720,1917,5530,3785,1745,2383,127
912,4198,2208,1990,872,501,0,2032,1322,710,1316,1019,297,491,128
3970,18427,9760,8667,3677,2222,5,7300,4556,2744,5408,4583,825,2407,71
1264,5802,3094,2708,1285,955,0,1803,1147,656,1676,1476,200,712,29
828,3864,2040,1824,791,262,0,1331,852,479,1278,1023,255,261,5
467,2374,1262,1112,526,212,0,774,539,235,796,634,162,417,0
951,4654,2489,2165,930,860,1,1856,1181,675,1714,1212,502,439,67
306,1527,807,720,337,221,0,734,480,254,401,342,59,80,2
140,655,332,323,113,0,0,375,207,168,443,232,211,87,4
1019,5213,2757,2456,1095,301,0,1811,1169,642,1863,1395,468,977,9
882,4805,2574,2231,1075,445,0,1629,1041,588,1886,1246,640,808,6
1099,5048,2714,2334,1071,1088,0,1634,1110,524,1626,1269,357,676,53
901,4370,2238,2132,953,574,2,1475,928,547,1642,1170,472,323,57
617,2830,1510,1320,616,467,0,1054,691,363,1060,731,329,282,206
216,990,493,497,224,196,0,317,197,120,267,226,41,2,0
1032,5187,2795,2392,1074,263,0,1568,1016,552,1454,1255,199,38,17
804,3666,1912,1754,765,1122,3,1646,1011,635,1026,912,114,427,7
378,1753,906,847,387,147,0,465,258,207,642,456,186,533,5
1353,6443,3386,3057,1378,483,0,1823,1118,705,2185,1622,563,1249,23
360,1697,906,791,377,375,0,581,367,214,480,421,59,231,4
1069,5376,2756,2620,1022,596,1,2284,1396,888,1800,1415,385,807,88
322,1471,753,718,367,47,0,421,280,141,426,338,88,230,26
1211,5700,3012,2688,1038,1052,5,2700,1731,969,1829,1459,370,674,22
1257,6037,3259,2778,1206,1289,1,2558,1602,956,1808,1518,290,335,104
475,2776,1469,1307,555,333,0,1363,871,492,952,712,240,165,8
880,4540,2481,2059,707,1016,6,2432,1468,964,1420,1127,293,529,29
6235,33196,17563,15633,6205,1480,4,15181,8856,6325,9807,7637,2170,1621,501
2772,13623,7073,6550,2912,1686,2,4371,2743,1628,5189,3504,1685,1816,135
261,1242,649,593,238,86,1,555,333,222,326,304,22,203,0
1508,7032,3722,3310,1410,755,0,2559,1605,954,1893,1707,186,782,35
919,4491,2305,2186,940,41,0,1380,846,534,1829,1137,692,667,150
789,3900,2083,1817,731,1186,1,1925,1197,728,1104,941,163,511,28
916,4520,2362,2158,990,838,0,1413,925,488,1214,1085,129,760,41
158,818,428,390,161,0,0,418,270,148,233,212,21,115,0
705,3428,1919,1509,645,407,18,1597,1078,519,1019,954,65,233,23
406,1948,1064,884,388,270,0,1042,655,387,531,462,69,221,1
638,2997,1601,1396,566,346,0,1457,902,555,844,784,60,209,8
87,398,215,183,72,0,0,215,135,80,109,108,1,107,0
715,3465,1846,1619,737,332,0,1245,822,423,1117,874,243,509,7
333,1621,829,792,341,303,0,793,467,326,419,385,34,249,13
168,853,445,408,170,302,0,329,198,131,228,218,10,156,0
1487,6899,3636,3263,1387,691,0,3227,1986,1241,2400,1869,531,1009,69
1091,5176,2775,2401,996,557,1,2476,1509,967,1679,1357,322,485,21
1026,4862,2593,2269,931,301,0,1999,1295,704,1322,1228,94,391,72
254,1114,593,521,244,0,0,555,309,246,289,278,11,97,0
103,374,197,177,56,24,0,277,157,120,111,101,10,52,0
3475,17767,9437,8330,3516,1327,3,6684,4234,2450,7336,4970,2366,2007,195
644,2852,1503,1349,613,604,0,1070,659,411,835,685,150,221,12
244,1289,670,619,271,140,0,574,349,225,589,386,203,218,8
691,3529,1865,1664,679,169,3,1373,924,449,1063,868,195,286,1
177,805,431,374,144,97,0,322,208,114,269,222,47,56,11
360,1806,943,863,394,36,0,662,422,240,602,420,182,158,1
618,2975,1589,1386,648,425,0,1162,768,394,853,784,69,258,8
2083,9311,5041,4270,1726,1053,1,3963,2434,1529,3848,2685,1163,1733,457
340,1732,931,801,341,0,1,462,310,152,678,481,197,196,24
756,3838,2039,1799,758,893,1,1276,882,394,1279,970,309,181,44
150,660,351,309,135,182,0,223,145,78,193,152,41,130,7
959,5224,2780,2444,997,364,0,2101,1313,788,1771,1446,325,508,19
4,24,13,11,5,0,0,10,9,1,5,5,0,0,0
993,4430,2379,2051,822,752,0,1862,1202,660,1445,1179,266,612,1
489,2453,1293,1160,421,576,0,1324,813,511,661,589,72,151,13
535,2754,1468,1286,417,317,0,1604,958,646,667,606,61,131,22
128,585,300,285,100,21,0,228,141,87,130,120,10,114,0
242,1033,545,488,193,36,0,553,333,220,296,281,15,128,2
583,2835,1548,1287,562,162,1,1227,843,384,700,669,31,444,14
1124,5618,2972,2646,1058,175,0,2809,1750,1059,1862,1369,493,325,26
473,2169,1181,988,357,370,0,1392,839,553,954,584,370,191,22
220,1073,576,497,206,41,0,581,363,218,490,274,216,150,35
3270,15681,8340,7341,2998,1273,0,6509,4165,2344,5186,4112,1074,1641,89
643,2742,1450,1292,480,471,0,1210,759,451,810,684,126,495,1
146,860,481,379,196,55,0,308,207,101,211,199,12,161,4
1212,5815,3119,2696,1159,885,1,2789,1723,1066,1891,1480,411,244,74
2724,14631,7777,6854,2323,482,6,8559,4936,3623,4698,3811,887,407,327
1515,7970,4232,3738,1512,380,0,4219,2422,1797,2463,1916,547,272,74
46192,215507,113078,102429,42328,18519,16,91619,55493,36126,71018,53591,17427,20440,1164
46192,215507,113078,102429,42328,18519,16,91619,55493,36126,71018,53591,17427,20440,1164
0,0,0,0,0,0,0,0,0,0,0,0,0,0,0
2268,9463,4904,4559,1823,917,1,3896,2234,1662,2889,2332,557,1032,10
998,4149,2173,1976,803,168,0,1799,1136,663,1219,1093,126,200,7
397,1603,825,778,322,162,0,615,359,256,385,369,16,205,1
673,3129,1619,1510,613,429,0,1589,935,654,987,796,191,348,17
347,1718,938,780,366,28,0,737,476,261,659,409,250,178,19
149,719,365,354,125,200,2,340,212,128,456,251,205,17,6
1181,5283,2765,2518,1115,250,0,2147,1351,796,1642,1311,331,479,15
1022,4512,2361,2151,844,245,1,1910,1187,723,1709,1119,590,607,13
1436,7171,3778,3393,1476,566,0,2526,1626,900,2346,1745,601,727,12
367,1930,1031,899,393,180,0,605,419,186,800,511,289,60,1
639,2784,1451,1333,564,427,1,1036,620,416,1298,717,581,602,7
661,2960,1537,1423,674,375,0,1128,719,409,1027,699,328,187,31
1338,6003,3182,2821,1217,967,0,2493,1615,878,1914,1546,368,548,13
1924,8266,4415,3851,1610,843,0,3338,2137,1201,2704,2039,665,643,6
264,918,472,446,126,0,0,560,311,249,431,295,136,59,25
1329,5975,3143,2832,1193,451,0,2526,1532,994,2388,1610,778,471,6
1491,7779,4128,3651,1509,547,0,3263,2063,1200,1901,1483,418,486,28
839,4048,2110,1938,774,239,1,1554,998,556,1584,1076,508,363,11
610,2472,1300,1172,477,203,0,1405,830,575,1033,643,390,356,17
480,2485,1324,1161,505,506,3,698,479,219,854,585,269,263,1
1269,5686,2945,2741,1083,213,0,2267,1305,962,1882,1356,526,729,6
546,2627,1367,1260,550,91,0,943,567,376,959,690,269,327,4
579,2436,1323,1113,426,277,0,859,577,282,1084,715,369,280,24
324,1513,822,691,293,65,0,670,402,268,733,392,341,6,1
4381,20253,10695,9558,4032,1495,1,7638,4690,2948,6860,5086,1774,2015,104
1485,6909,3578,3331,1451,608,2,2943,1693,1250,2332,1746,586,1205,17
333,1612,875,737,348,354,0,759,490,269,488,404,84,69,0
451,2387,1273,1114,454,159,0,1170,714,456,646,573,73,208,15
4,11,7,4,0,0,0,11,7,4,5,4,1,0,0
3803,18466,9744,8722,3230,2139,1,9094,5533,3561,5556,4585,971,1304,86
724,3320,1734,1586,634,111,0,1619,955,664,1321,894,427,528,2
0,0,0,0,0,0,0,0,0,0,0,0,0,0,0
1199,5520,2958,2562,1101,167,0,2108,1329,779,1774,1400,374,676,20
596,2975,1556,1419,558,217,0,1121,687,434,1092,739,353,197,2
368,1652,855,797,350,192,0,657,381,276,588,419,169,227,1
1323,7010,3667,3343,1503,292,0,2842,1610,1232,2152,1669,483,636,231
739,3406,1639,1767,708,415,2,1421,805,616,1007,715,292,374,65
162,672,339,333,119,8,0,382,229,153,198,155,43,58,15
121,632,337,295,170,51,0,138,89,49,168,162,6,105,0
192,812,414,398,193,144,0,154,101,53,322,215,107,91,0
677,3169,1638,1531,649,231,0,1388,835,553,940,766,174,284,34
175,950,480,470,211,43,0,342,194,148,266,231,35,76,27
80,447,234,213,95,0,0,153,105,48,128,124,4,0,6
220,1046,541,505,219,0,0,424,264,160,292,279,13,0,1
1035,5202,2692,2510,1089,580,0,2300,1321,979,1478,1235,243,749,26
932,4221,2239,1982,854,73,0,1826,1141,685,1456,1123,333,700,64
282,1485,798,687,311,301,0,592,403,189,477,378,99,15,2
822,3586,1882,1704,779,601,1,1371,792,579,1044,862,182,255,7
1026,4979,2614,2365,894,308,0,2260,1315,945,1658,1244,414,188,12
42,180,92,88,36,0,0,93,57,36,65,46,19,1,0
930,4559,2415,2144,890,440,0,2357,1378,979,1373,1096,277,606,96
488,2184,1170,1014,343,188,0,1369,809,560,857,638,219,215,1
0,0,0,0,0,0,0,0,0,0,0,0,0,0,0
324,1605,835,770,254,31,0,1019,599,420,449,401,48,63,0
466,2178,1096,1082,378,440,0,1308,719,589,756,551,205,129,1
255,1374,719,655,267,70,0,633,379,254,450,344,106,1,0
503,2737,1434,1303,514,371,0,1112,680,432,784,694,90,82,41
923,4339,2250,2089,813,141,0,2111,1099,1012,1152,1031,121,210,7
18595,79310,41740,37570,14466,7517,26,35806,22095,13711,27597,20719,6878,14132,509
18595,79310,41740,37570,14466,7517,26,35806,22095,13711,27597,20719,6878,14132,509
0,0,0,0,0,0,0,0,0,0,0,0,0,0,0
399,1561,825,736,285,157,0,641,424,217,762,485,277,69,1
464,2021,1089,932,412,150,0,837,564,273,642,548,94,413,8
1639,6991,3678,3313,1285,511,1,3503,2165,1338,2381,1884,497,1002,168
164,611,316,295,84,0,0,413,231,182,233,155,78,164,0
724,2932,1547,1385,515,59,0,1623,980,643,1001,819,182,390,19
132,588,305,283,130,0,0,233,131,102,288,148,140,236,0
592,2583,1352,1231,480,333,0,711,473,238,725,670,55,539,1
123,538,286,252,156,538,0,116,72,44,262,138,124,262,0
8342,35976,18909,17067,6356,3081,24,16657,10292,6365,11722,9143,2579,6044,204
725,2823,1468,1355,558,239,0,1343,840,503,847,746,101,560,3
1272,5483,2922,2561,1106,357,0,2191,1425,766,2597,1481,1116,1686,15
1,2,1,1,0,0,0,0,0,0,1,1,0,1,0
728,3477,1812,1665,581,355,1,1439,927,512,1480,895,585,445,49
1171,5051,2677,2374,1024,646,0,1882,1180,702,1828,1383,445,1058,16
1468,5836,3048,2788,944,652,0,3361,1853,1508,1838,1481,357,713,20
504,2056,1097,959,376,208,0,666,436,230,638,546,92,345,5
147,781,408,373,174,231,0,190,102,88,352,196,156,205,0
35740,156473,81631,74842,30692,15372,402,66119,39466,26653,49284,39214,10070,18349,778
35740,156473,81631,74842,30692,15372,402,66119,39466,26653,49284,39214,10070,18349,778
0,0,0,0,0,0,0,0,0,0,0,0,0,0,0
301,1132,593,539,221,256,0,509,318,191,414,315,99,192,2
681,2882,1577,1305,520,612,0,1359,832,527,848,733,115,263,5
717,3471,1811,1660,796,210,0,1192,787,405,1193,849,344,644,31
1179,5225,2705,2520,982,974,0,1798,1121,677,1354,1242,112,907,2
1534,7015,3649,3366,1367,295,0,2657,1637,1020,2253,1733,520,593,28
909,3532,1868,1664,679,737,1,1427,837,590,1363,938,425,3,0
902,4045,2107,1938,775,491,0,1951,1118,833,1093,989,104,362,17
151,767,402,365,168,0,0,258,147,111,204,192,12,11,11
480,2026,1040,986,368,177,0,1038,563,475,521,462,59,403,3
4226,18971,9855,9116,3773,645,0,8515,4912,3603,5617,4575,1042,2248,139
163,760,403,357,150,108,0,186,125,61,365,212,153,67,3
272,1271,666,605,301,230,0,506,322,184,541,348,193,39,16
2242,10211,5296,4915,2133,1591,6,3984,2410,1574,2991,2415,576,524,98
630,2567,1312,1255,502,127,0,1169,676,493,749,644,105,211,5
768,3402,1780,1622,700,161,0,1353,805,548,1178,857,321,404,7
2390,10784,5507,5277,2217,310,1,4241,2431,1810,2898,2570,328,1271,38
908,3751,1929,1822,752,326,1,1606,959,647,1244,936,308,460,14
2587,11044,5683,5361,2169,606,0,4354,2353,2001,3590,2822,768,709,43
371,1705,920,785,344,25,0,446,268,178,597,493,104,211,2
250,1342,714,628,238,72,0,511,333,178,577,353,224,174,10
565,2421,1238,1183,447,762,0,847,490,357,1052,686,366,367,19
547,2258,1202,1056,457,451,0,832,520,312,653,564,89,30,1
724,3122,1663,1459,638,101,0,1225,821,404,1025,800,225,269,3
1256,5383,2851,2532,1022,572,2,2792,1675,1117,1905,1459,446,1110,9
388,1775,941,834,345,177,0,986,610,376,593,427,166,287,3
217,812,420,392,181,0,0,111,80,31,245,208,37,218,0
305,1338,714,624,228,378,0,297,213,84,450,356,94,323,0
408,1597,830,767,374,450,0,533,361,172,643,421,222,444,8
1165,4635,2416,2219,826,616,0,2373,1369,1004,1617,1277,340,602,4
0,0,0,0,0,0,0,0,0,0,0,0,0,0,0
85,432,233,199,74,0,0,231,144,87,104,98,6,93,0
466,2033,1042,991,399,108,0,990,568,422,584,500,84,187,6
247,1236,648,588,248,245,1,580,344,236,372,320,52,317,0
264,1257,683,574,284,308,0,566,387,179,505,337,168,375,2
1168,4900,2564,2336,941,925,7,1954,1178,776,1842,1288,554,723,51
312,1560,783,777,301,256,0,767,454,313,516,402,114,113,1
654,2732,1488,1244,490,292,0,1076,718,358,664,622,42,171,17
10,37,20,17,7,7,0,12,9,3,14,14,0,3,1
658,2998,1518,1480,561,232,0,1196,680,516,856,694,162,441,12
603,2920,1564,1356,613,290,37,1104,803,301,1013,794,219,350,2
1169,5069,2676,2393,991,185,345,2087,1322,765,1477,1295,182,621,22
102,489,272,217,82,42,0,316,177,139,153,121,32,26,6
897,3688,1907,1781,691,262,0,1600,940,660,1089,938,151,413,58
1306,5445,2874,2571,859,253,0,3604,2053,1551,1471,1311,160,515,70
563,2433,1267,1166,478,507,1,980,596,384,851,604,247,655,9
40009,182429,94901,87528,35251,16201,54,71701,43134,28567,58309,45015,13294,18769,1125
40009,182429,94901,87528,35251,16201,54,71701,43134,28567,58309,45015,13294,18769,1125
0,0,0,0,0,0,0,0,0,0,0,0,0,0,0
541,2711,1430,1281,492,202,0,1063,716,347,889,693,196,499,11
418,1802,969,833,359,231,0,792,477,315,535,450,85,214,3
1590,7498,3965,3533,1514,535,0,2905,1790,1115,2422,1913,509,766,17
274,1259,639,620,244,194,0,352,204,148,292,275,17,33,13
1304,6339,3249,3090,1245,333,3,2303,1348,955,1956,1411,545,786,63
523,2485,1277,1208,437,240,0,932,526,406,630,592,38,275,8
104,402,204,198,79,0,0,159,100,59,114,104,10,58,1
1606,6600,3489,3111,1291,532,2,2667,1696,971,1829,1655,174,799,138
90,442,204,238,91,0,0,177,104,73,315,140,175,42,0
185,728,390,338,136,55,0,354,231,123,336,198,138,197,14
260,1062,559,503,291,0,0,290,211,79,542,295,247,492,1
1564,5927,3023,2904,898,991,0,3625,1973,1652,1970,1558,412,540,7
2528,11789,6063,5726,2404,1105,1,4744,2821,1923,3631,2966,665,1285,89
811,3661,1903,1758,698,139,35,1556,947,609,1198,947,251,556,19
464,2040,1050,990,362,189,2,919,558,361,659,536,123,158,14
2800,12711,6665,6046,2307,935,1,5062,3062,2000,3842,3213,629,1625,62
3442,16148,8246,7902,3365,926,0,6417,3788,2629,4909,3642,1267,1392,125
1971,8914,4709,4205,1669,986,1,3741,2423,1318,2608,2188,420,1159,77
659,2780,1487,1293,482,502,0,1473,915,558,1026,742,284,242,10
2766,12578,6588,5990,2359,1683,0,5792,3477,2315,4014,3204,810,626,57
1011,5027,2582,2445,1026,696,1,1764,1022,742,1431,1155,276,848,7
257,1109,563,546,239,113,0,185,116,69,287,274,13,191,1
1488,6773,3535,3238,1291,674,0,1989,1217,772,1835,1638,197,766,9
1230,5790,3005,2785,1141,272,0,1694,1006,688,1863,1485,378,785,25
3401,14802,7777,7025,2851,1526,2,4603,2949,1654,4999,3676,1323,910,21
313,1241,660,581,200,0,0,564,350,214,397,338,59,119,9
0,0,0,0,0,0,0,0,0,0,0,0,0,0,0
1256,5975,3029,2946,1101,471,0,2444,1392,1052,1771,1363,408,310,39
354,1707,882,825,412,340,0,441,264,177,691,385,306,55,9
2472,11457,5940,5517,2150,694,0,4639,2637,2002,3594,2725,869,1108,61
1441,6813,3515,3298,1405,504,4,2492,1507,985,2212,1599,613,520,106
2886,13859,7304,6555,2712,1133,2,5563,3307,2256,5512,3655,1857,1413,109
28378,130886,68711,62175,24980,12977,14,51495,31316,20179,39572,32254,7318,14005,701
28378,130886,68711,62175,24980,12977,14,51495,31316,20179,39572,32254,7318,14005,701
0,0,0,0,0,0,0,0,0,0,0,0,0,0,0
1010,4684,2435,2249,887,261,0,1552,885,667,1269,1082,187,282,3
1182,5716,2963,2753,1075,324,1,2436,1343,1093,1336,1250,86,775,7
485,2597,1377,1220,510,570,1,750,471,279,827,676,151,380,28
1,2,1,1,0,0,0,2,1,1,2,1,1,0,0
975,5213,2814,2399,1086,666,1,1529,1030,499,1912,1385,527,422,26
1024,4273,2273,2000,746,167,0,2057,1282,775,1160,1082,78,79,2
250,1421,744,677,328,230,0,608,368,240,525,350,175,41,17
250,1222,649,573,192,0,0,369,245,124,342,325,17,217,4
3513,16018,8382,7636,2987,1848,2,7295,4510,2785,4220,3867,353,1792,13
0,0,0,0,0,0,0,0,0,0,0,0,0,0,0
0,0,0,0,0,0,0,0,0,0,0,0,0,0,0
0,0,0,0,0,0,0,0,0,0,0,0,0,0,0
3096,14459,7568,6891,3032,1202,0,5163,3178,1985,4435,3503,932,1320,8
1021,4892,2582,2310,986,610,0,1874,1127,747,1264,1157,107,425,18
3546,15617,8214,7403,3016,1470,1,6526,3878,2648,5586,4186,1400,1646,63
986,4451,2358,2093,735,893,0,1954,1202,752,1377,1125,252,495,207
421,2227,1179,1048,467,0,0,676,387,289,798,611,187,262,32
816,3379,1776,1603,646,500,1,1067,704,363,1081,875,206,709,0
562,2270,1194,1076,410,261,0,1208,676,532,598,573,25,247,2
1176,5485,2881,2604,987,575,0,1923,1155,768,1420,1252,168,770,28
2298,10349,5440,4909,1864,1159,0,4439,2679,1760,3153,2556,597,977,69
0,0,0,0,0,0,0,0,0,0,0,0,0,0,0
2393,10892,5740,5152,2116,311,0,3696,2393,1303,3386,2694,692,1649,12
367,1663,876,787,321,0,7,498,306,192,512,420,92,166,15
133,709,370,339,146,0,0,294,160,134,218,165,53,0,0
849,4385,2276,2109,1000,459,0,1283,838,445,1166,986,180,398,100
0,0,0,0,0,0,0,0,0,0,0,0,0,0,0
2024,8962,4619,4343,1443,1471,0,4296,2498,1798,2985,2133,852,953,47
