No of Households,Total Population Person,Total Population Male,Total Population Female,Population in the age group 0-6 Person,Scheduled Castes population Person,Scheduled Tribes population Person,Literates Population Person,Literates Population Male,Literates Population Female,Total Worker Population Person,Total Worker Population Male,Total Worker Population Female,Main Agricultural Labourers Population Person,Main Household Industries Population Person
27691,134704,68909,65795,25224,21046,76,63177,38345,24832,47710,32361,15349,18301,765
27691,134704,68909,65795,25224,21046,76,63177,38345,24832,47710,32361,15349,18301,765
0,0,0,0,0,0,0,0,0,0,0,0,0,0,0
1078,4988,2576,2412,997,583,7,2113,1323,790,1771,1193,578,763,27
449,2223,1094,1129,475,16,0,817,478,339,816,486,330,357,16
1362,6739,3529,3210,1228,489,9,3612,2217,1395,2059,1690,369,687,194
273,1249,695,554,248,34,0,648,407,241,736,386,350,118,0
97,406,188,218,62,1,1,202,115,87,210,106,104,67,14
186,1020,516,504,207,86,0,364,235,129,321,234,87,157,0
2913,14385,7149,7236,2773,2366,16,6130,3714,2416,4745,3115,1630,2185,55
415,1913,1013,900,324,55,0,989,619,370,881,577,304,71,95
467,2111,1091,1020,304,561,0,777,466,311,1020,524,496,142,6
247,1348,716,632,257,64,1,586,413,173,656,340,316,214,0
883,4521,2339,2182,922,723,3,1636,1104,532,1818,1065,753,1025,20
65,291,145,146,49,89,0,132,72,60,145,73,72,44,0
851,4397,2218,2179,978,1098,1,1655,1023,632,2212,1090,1122,804,6
1295,6190,3232,2958,1208,1512,4,2958,1868,1090,1891,1481,410,922,11
2833,14368,7463,6905,2398,1732,0,7751,4687,3064,4697,3491,1206,1765,38
472,2897,1481,1416,500,159,0,1444,906,538,1109,688,421,784,4
190,988,524,464,142,62,0,583,383,200,365,278,87,128,1
350,1582,780,802,294,553,2,786,448,338,374,331,43,41,0
0,0,0,0,0,0,0,0,0,0,0,0,0,0,0
508,2670,1358,1312,466,209,0,1272,817,455,942,634,308,381,4
20,83,45,38,14,13,0,48,32,16,42,22,20,42,0
586,2330,1194,1136,307,165,0,1548,862,686,826,572,254,105,0
695,3641,1754,1887,716,493,5,1494,890,604,1198,729,469,379,0
1343,6203,3050,3153,1320,1797,3,2511,1476,1035,1783,1331,452,545,11
440,2259,1187,1072,414,399,1,1158,739,419,723,541,182,166,3
498,2005,1049,956,343,384,0,1167,690,477,825,552,273,281,0
1353,6587,3382,3205,1237,437,2,2860,1785,1075,2393,1679,714,1274,35
167,864,439,425,193,108,0,266,156,110,246,190,56,85,0
253,1320,638,682,267,697,0,537,306,231,497,288,209,295,2
169,823,433,390,191,538,0,395,245,150,358,196,162,219,5
310,1397,682,715,302,229,2,599,315,284,697,329,368,377,13
504,2299,1169,1130,513,381,1,928,560,368,792,497,295,94,9
341,1649,833,816,370,757,1,761,462,299,608,392,216,260,0
657,3363,1740,1623,510,539,8,1842,1081,761,1087,848,239,182,22
121,504,234,270,87,124,0,291,152,139,165,128,37,38,0
292,1295,652,643,241,197,0,670,382,288,297,288,9,75,6
1471,6397,3379,3018,1168,788,5,3303,1964,1339,2195,1730,465,683,4
293,1317,717,600,198,295,1,692,418,274,343,322,21,41,1
763,3785,2013,1772,622,1010,2,2120,1212,908,1486,957,529,727,72
0,0,0,0,0,0,0,0,0,0,0,0,0,0,0
689,3537,1782,1755,593,410,0,1947,1180,767,1215,852,363,300,30
435,2102,1094,1008,411,181,0,916,574,342,944,566,378,390,1
1357,6658,3336,3322,1375,712,1,2669,1569,1100,2222,1570,652,1088,60
37312,196251,101522,94729,36980,22164,36,88923,56492,32431,67968,48302,19666,24544,1055
37312,196251,101522,94729,36980,22164,36,88923,56492,32431,67968,48302,19666,24544,1055
0,0,0,0,0,0,0,0,0,0,0,0,0,0,0
1051,4564,2310,2254,933,206,0,2217,1413,804,1877,1158,719,745,1
885,4006,2062,1944,840,292,0,1684,1055,629,1465,913,552,375,10
1693,8172,4298,3874,1384,1087,0,4106,2568,1538,2643,1983,660,1270,22
1633,8772,4535,4237,1771,748,1,3810,2544,1266,2868,2161,707,541,2
496,2417,1248,1169,526,67,0,949,600,349,772,615,157,431,5
707,4237,2162,2075,790,270,0,1846,1148,698,1376,1028,348,481,12
392,1924,975,949,399,82,0,841,514,327,535,448,87,133,0
346,1976,1012,964,391,429,0,990,639,351,1019,538,481,389,20
1012,5796,3019,2777,1214,571,0,2372,1620,752,1599,1397,202,475,49
0,0,0,0,0,0,0,0,0,0,0,0,0,0,0
559,2905,1515,1390,537,452,0,1405,897,508,838,671,167,377,76
402,1938,1014,924,270,381,0,777,482,295,468,451,17,12,1
225,1485,787,698,258,446,0,709,445,264,373,226,147,26,3
82,440,218,222,90,0,0,186,106,80,237,121,116,165,7
447,2299,1201,1098,450,535,0,993,661,332,923,567,356,335,137
701,3382,1779,1603,604,494,0,1850,1157,693,1608,884,724,479,22
185,1412,746,666,239,129,0,699,464,235,859,453,406,487,0
81,510,274,236,69,0,0,223,157,66,281,158,123,16,0
712,3856,2017,1839,753,1015,2,1495,998,497,1248,990,258,801,9
770,3833,2008,1825,590,969,0,2108,1308,800,1726,1100,626,814,27
2083,12106,6300,5806,2615,910,2,4448,2886,1562,3868,2791,1077,1142,23
1641,9249,4803,4446,1602,639,1,4725,3027,1698,2776,2224,552,693,0
1177,5638,2924,2714,1021,695,1,2478,1560,918,2084,1375,709,644,27
1378,7523,3911,3612,1548,1026,2,3036,1961,1075,2376,1713,663,743,13
724,3947,2068,1879,682,488,1,1696,1164,532,1346,982,364,605,15
1698,9599,4958,4641,2056,371,0,3844,2573,1271,3559,2320,1239,1461,50
983,4946,2558,2388,806,1435,0,2537,1545,992,1584,1252,332,469,32
340,1638,831,807,230,226,1,827,471,356,691,439,252,232,2
714,3585,1852,1733,649,553,1,1911,1147,764,1124,880,244,600,2
533,3253,1674,1579,690,277,0,1512,1017,495,1078,824,254,419,61
1808,10361,5440,4921,1820,1187,0,4881,2997,1884,3355,2587,768,1385,171
888,4594,2326,2268,802,186,0,2231,1373,858,1333,1121,212,229,42
2950,15209,7710,7499,2888,1688,1,6363,3948,2415,4975,3655,1320,1838,56
547,2734,1428,1306,522,365,1,1424,893,531,1174,710,464,87,4
640,3035,1608,1427,463,838,4,1484,921,563,1909,1065,844,1621,53
1228,5993,3116,2877,1131,918,8,2707,1699,1008,1935,1473,462,635,9
859,4107,2084,2023,707,708,1,2131,1278,853,1240,1099,141,633,0
1342,6292,3258,3034,1121,318,6,2987,1832,1155,2270,1622,648,1320,13
505,2839,1490,1349,482,58,2,1670,1002,668,1111,686,425,365,2
614,3120,1643,1477,562,183,0,1531,980,551,1023,707,316,20,7
59,300,161,139,55,98,0,172,113,59,77,76,1,0,0
329,1889,985,904,292,14,0,776,535,241,780,497,283,152,13
194,1126,609,517,196,278,0,513,352,161,423,266,157,34,11
1699,9244,4605,4639,1932,532,1,3779,2442,1337,3162,2076,1086,865,46
33355,173499,90774,82725,31915,24232,239,82953,51976,30977,64512,44896,19616,26234,986
33355,173499,90774,82725,31915,24232,239,82953,51976,30977,64512,44896,19616,26234,986
0,0,0,0,0,0,0,0,0,0,0,0,0,0,0
1043,5780,3042,2738,1110,818,1,2497,1676,821,1884,1448,436,1160,52
445,2385,1225,1160,443,385,1,924,604,320,734,578,156,527,7
354,1807,914,893,315,457,0,781,494,287,752,494,258,261,0
1999,9649,4980,4669,1866,1072,0,4417,2779,1638,3456,2394,1062,1792,17
43,236,131,105,36,0,0,85,61,24,132,72,60,129,0
1262,6231,3272,2959,1157,908,0,3324,2041,1283,2143,1529,614,697,73
990,5161,2726,2435,852,644,6,3083,1917,1166,1843,1370,473,456,94
0,0,0,0,0,0,0,0,0,0,0,0,0,0,0
374,1688,861,827,330,301,1,639,414,225,431,397,34,109,0
744,3896,2025,1871,815,221,0,1692,1103,589,2336,1219,1117,1973,3
1145,5941,3087,2854,1133,987,4,2679,1722,957,2429,1601,828,1095,10
478,2811,1492,1319,584,412,1,1102,717,385,1160,706,454,664,51
300,1655,864,791,279,0,0,926,564,362,1079,560,519,508,2
626,3371,1801,1570,554,930,0,1616,1049,567,1558,908,650,950,3
2121,10819,5725,5094,1991,2039,2,4690,3016,1674,3859,2740,1119,1932,5
1549,8732,4511,4221,1602,1123,2,3840,2366,1474,3406,2212,1194,1899,18
277,1575,815,760,260,285,0,794,457,337,612,409,203,23,23
1976,9809,5208,4601,1519,750,22,5615,3475,2140,4010,2662,1348,852,162
936,4735,2499,2236,799,554,2,2322,1422,900,2401,1489,912,183,14
677,3726,1949,1777,710,742,0,1608,999,609,1150,1002,148,548,17
1495,8431,4451,3980,1699,1311,0,3744,2415,1329,2833,2052,781,1026,11
377,1978,1058,920,383,75,0,842,559,283,602,553,49,390,0
1482,7921,4145,3776,1641,629,166,3662,2321,1341,2534,1892,642,1231,11
4526,24424,12736,11688,4563,3837,10,12185,7569,4616,9208,6409,2799,2124,210
1676,9065,4799,4266,1555,1173,0,4277,2691,1586,2989,2331,658,1857,27
574,3016,1521,1495,660,172,0,1282,789,493,1041,692,349,421,3
50,294,155,139,59,0,0,104,62,42,91,83,8,75,0
1267,5701,2881,2820,1003,1044,8,3166,1789,1377,1839,1348,491,449,16
501,2588,1371,1217,526,495,0,1004,659,345,1029,656,373,563,1
1059,5005,2644,2361,736,957,11,2884,1718,1166,1665,1208,457,545,83
759,3965,2138,1827,761,436,2,1568,1048,520,1372,1015,357,552,9
568,2951,1578,1373,476,318,0,1442,963,479,913,769,144,171,1
1251,6125,3150,2975,1115,663,0,3087,1892,1195,2451,1649,802,902,62
431,2028,1020,1008,383,494,0,1072,625,447,570,449,121,170,1
33889,171918,90713,81205,33278,19470,125,78583,50623,27960,61904,42849,19055,24918,1138
33889,171918,90713,81205,33278,19470,125,78583,50623,27960,61904,42849,19055,24918,1138
0,0,0,0,0,0,0,0,0,0,0,0,0,0,0
455,2172,1138,1034,331,135,0,1142,721,421,840,566,274,299,7
985,4068,2123,1945,742,875,1,1828,1101,727,1478,1092,386,482,2
380,1486,773,713,258,378,0,763,451,312,610,417,193,94,3
750,3427,1836,1591,587,583,0,1695,1082,613,983,903,80,542,11
4945,26338,13909,12429,5504,1412,58,10639,7032,3607,9187,6560,2627,4219,277
532,2890,1526,1364,597,108,0,1181,787,394,1146,711,435,464,48
770,3699,1937,1762,816,1068,2,1323,911,412,1463,920,543,555,11
1586,8423,4444,3979,1590,723,4,3341,2160,1181,3331,2175,1156,1643,17
259,1500,786,714,319,25,0,479,353,126,789,405,384,583,14
2195,11502,6099,5403,2286,1851,4,5371,3446,1925,4082,2817,1265,1639,6
202,991,519,472,235,0,0,335,232,103,291,226,65,46,1
2490,12076,6356,5720,2250,1525,2,6460,4002,2458,3778,2928,850,1201,75
1348,6547,3452,3095,1235,949,2,3364,2115,1249,2078,1668,410,870,16
2496,12282,6514,5768,2106,839,0,6583,4123,2460,3522,3061,461,901,39
1245,6418,3397,3021,1170,472,0,2924,1943,981,2364,1591,773,938,94
134,706,359,347,116,0,0,178,113,65,215,207,8,86,32
2117,11680,6048,5632,2306,973,0,4588,2995,1593,4672,2852,1820,1697,100
1343,6629,3500,3129,1180,1611,6,3575,2222,1353,2697,1651,1046,1062,53
2566,12853,6822,6031,2356,2176,0,6547,4242,2305,4819,3267,1552,1879,58
6271,32293,17109,15184,6460,3174,46,14088,9216,4872,11971,7895,4076,4894,256
820,3938,2066,1872,834,593,0,2179,1376,803,1588,937,651,824,18
33560,175561,90896,84665,32888,26668,51,82270,52464,29806,74185,44729,29456,23034,930
33560,175561,90896,84665,32888,26668,51,82270,52464,29806,74185,44729,29456,23034,930
0,0,0,0,0,0,0,0,0,0,0,0,0,0,0
1026,5043,2581,2462,993,833,1,2445,1525,920,1740,1218,522,779,15
1050,5240,2706,2534,964,1344,1,2121,1383,738,2593,1356,1237,858,8
1896,9254,4810,4444,1678,1710,0,4222,2672,1550,4269,2471,1798,1815,86
2065,9225,4746,4479,1578,1565,6,4334,2688,1646,3669,2374,1295,1417,403
709,4074,2119,1955,799,198,1,1481,986,495,1371,918,453,232,4
334,1621,836,785,324,568,1,751,461,290,657,344,313,126,0
631,3429,1790,1639,625,760,0,1494,979,515,1153,823,330,133,1
1215,6499,3421,3078,1209,1200,5,2900,1948,952,2626,1619,1007,580,12
273,1553,801,752,279,413,1,765,514,251,794,413,381,165,1
732,4277,2243,2034,712,331,0,2392,1508,884,1255,1004,251,438,0
434,2167,1144,1023,445,340,2,904,601,303,1190,677,513,379,2
4190,22292,11505,10787,4482,2446,9,9871,6326,3545,9821,5536,4285,3472,65
423,2434,1249,1185,462,51,0,1047,689,358,1342,675,667,147,75
256,1444,752,692,310,191,0,666,433,233,711,372,339,142,0
674,3577,1870,1707,701,452,0,1444,982,462,1427,946,481,564,10
300,1416,738,678,233,65,0,693,466,227,624,364,260,502,4
2236,11877,6235,5642,2074,1425,10,6259,4030,2229,4309,3113,1196,1197,13
967,5397,2764,2633,1016,620,1,2369,1549,820,2461,1441,1020,570,11
2033,11663,6077,5586,2194,1297,1,5645,3639,2006,4678,2938,1740,1609,83
834,4410,2205,2205,883,978,1,2027,1283,744,1789,1045,744,489,5
1342,6926,3573,3353,1270,1479,2,3313,2068,1245,3289,1773,1516,622,3
3194,16375,8445,7930,3089,2803,4,8180,5184,2996,6985,4320,2665,2207,14
560,2743,1433,1310,573,684,1,1082,732,350,833,637,196,568,3
2183,11726,6056,5670,2238,2287,4,5344,3324,2020,4854,2949,1905,1148,18
2187,11427,5916,5511,1907,992,0,6089,3680,2409,5632,3040,2592,1544,53
25,143,76,67,19,0,0,62,45,17,83,52,31,16,0
175,964,502,462,220,341,0,381,213,168,487,252,235,191,0
1616,8365,4303,4062,1611,1295,0,3989,2556,1433,3543,2059,1484,1124,41
40375,212127,108413,103714,40564,26366,294,99039,63135,35904,93654,53711,39943,36686,1858
40375,212127,108413,103714,40564,26366,294,99039,63135,35904,93654,53711,39943,36686,1858
0,0,0,0,0,0,0,0,0,0,0,0,0,0,0
1565,9245,4733,4512,1838,941,2,3865,2407,1458,4109,2307,1802,1543,302
129,817,421,396,139,90,0,430,271,159,204,196,8,195,1
1615,9412,4771,4641,2007,735,1,4396,2880,1516,4669,2476,2193,1877,101
156,1071,572,499,205,0,0,353,253,100,357,272,85,27,0
0,0,0,0,0,0,0,0,0,0,0,0,0,0,0
0,0,0,0,0,0,0,0,0,0,0,0,0,0,0
0,0,0,0,0,0,0,0,0,0,0,0,0,0,0
107,463,228,235,105,356,0,157,87,70,211,109,102,98,0
7652,39855,20448,19407,7442,5193,218,19018,12224,6794,17460,10139,7321,5379,411
3143,16080,8257,7823,2811,2889,46,8877,5350,3527,5553,3918,1635,1663,158
1472,8606,4467,4139,1515,601,0,3332,2171,1161,2766,2131,635,1340,8
250,1551,782,769,370,71,2,628,396,232,686,374,312,139,0
1946,11380,5737,5643,2408,410,0,5563,3513,2050,4948,2786,2162,1770,252
1353,6513,3240,3273,1318,447,0,3115,1724,1391,2053,1474,579,1136,13
3824,18836,9651,9185,3757,2297,3,8666,5582,3084,9250,4703,4547,3253,100
113,639,322,317,133,38,0,375,227,148,302,162,140,206,0
200,1084,564,520,228,182,4,413,283,130,416,261,155,298,1
535,2717,1378,1339,583,296,1,1151,785,366,1388,705,683,433,6
253,1181,582,599,321,108,0,435,305,130,582,270,312,123,0
248,1293,649,644,336,308,0,565,386,179,620,320,300,140,1
1025,5501,2863,2638,1158,1157,2,2286,1540,746,2875,1471,1404,783,13
581,3147,1603,1544,572,309,0,1226,843,383,1446,761,685,292,2
605,2907,1515,1392,643,181,0,1034,730,304,1561,796,765,184,0
600,3005,1572,1433,513,107,0,1420,903,517,1530,816,714,1221,11
398,1912,974,938,358,153,0,1007,611,396,546,466,80,525,0
174,923,467,456,192,32,0,297,176,121,434,209,225,115,9
615,3273,1666,1607,629,742,0,1370,921,449,1586,807,779,792,1
338,1709,881,828,307,483,0,737,482,255,909,474,435,271,94
569,2911,1516,1395,525,279,1,1309,862,447,1287,757,530,808,8
515,2599,1330,1269,413,595,0,1385,885,500,1342,738,604,622,6
763,4412,2184,2228,791,1253,7,1908,1219,689,1941,1094,847,894,31
319,1729,870,859,338,248,2,740,475,265,931,455,476,608,4
195,1167,577,590,263,43,0,310,210,100,531,283,248,369,0
236,1249,648,601,196,521,0,622,382,240,560,327,233,428,2
466,2572,1314,1258,514,504,0,1000,657,343,728,563,165,294,2
435,2342,1191,1151,450,347,0,1275,837,438,612,542,70,259,2
475,2299,1218,1081,393,596,0,1129,727,402,900,557,343,628,11
696,3588,1856,1732,576,349,0,2056,1263,793,1459,911,548,771,4
485,2489,1281,1208,424,149,0,1139,741,398,1365,754,611,479,0
736,3776,1910,1866,608,215,0,2026,1195,831,2082,1162,920,1295,23
697,3582,1755,1827,659,0,0,1986,1072,914,1475,882,593,514,2
171,892,485,407,149,0,0,508,373,135,443,246,197,89,0
2253,10761,5457,5304,2113,1364,5,5047,3341,1706,5131,2700,2431,1990,249
722,3517,1789,1728,631,432,0,1691,1067,624,1725,905,820,887,12
496,2507,1293,1214,437,1010,0,1154,749,405,1289,676,613,276,2
150,850,438,412,158,6,0,402,267,135,411,211,200,290,0
1099,5765,2958,2807,1038,329,0,2636,1763,873,2981,1545,1436,1382,16
42295,208317,107031,101286,39796,22849,577,92892,60927,31965,96794,52967,43827,37894,842
42295,208317,107031,101286,39796,22849,577,92892,60927,31965,96794,52967,43827,37894,842
0,0,0,0,0,0,0,0,0,0,0,0,0,0,0
445,1968,1021,947,370,164,2,1058,671,387,726,502,224,201,3
807,3961,2073,1888,673,266,0,2287,1401,886,1801,976,825,445,20
324,1334,693,641,269,233,0,442,312,130,696,372,324,63,1
209,1155,578,577,204,216,1,479,335,144,553,313,240,419,0
277,1236,625,611,230,21,0,586,372,214,624,330,294,90,2
102,540,284,256,113,10,0,193,136,57,290,157,133,16,0
1031,4545,2311,2234,895,647,0,2004,1324,680,2276,1179,1097,1293,7
196,1008,500,508,218,94,0,462,306,156,465,278,187,269,3
1187,5500,2774,2726,1183,691,2,2510,1545,965,2180,1323,857,933,12
1050,5337,2739,2598,1019,502,2,2022,1401,621,2748,1427,1321,877,12
683,3221,1698,1523,649,273,0,1252,869,383,1744,948,796,347,79
253,1493,774,719,337,0,0,771,500,271,625,309,316,98,3
298,1428,716,712,273,185,0,624,440,184,621,396,225,285,2
224,1002,511,491,243,14,0,474,340,134,463,237,226,145,1
323,1641,875,766,316,477,8,787,521,266,915,464,451,387,0
378,1790,932,858,381,314,0,806,574,232,828,460,368,242,2
821,4175,2128,2047,730,125,0,1619,1076,543,2407,1218,1189,611,4
164,841,430,411,198,162,0,288,189,99,444,223,221,22,0
867,4031,2045,1986,843,743,0,1974,1309,665,1759,964,795,208,3
1131,5259,2675,2584,940,512,5,2433,1605,828,2383,1424,959,698,3
186,916,488,428,191,132,0,426,286,140,500,253,247,97,0
1065,5651,2949,2702,988,817,2,2489,1672,817,2872,1478,1394,2133,10
565,3111,1560,1551,547,321,0,1243,809,434,1547,776,771,923,3
573,3072,1623,1449,496,75,0,1505,1008,497,1394,780,614,897,27
924,4542,2326,2216,936,644,1,2132,1434,698,2133,1061,1072,740,46
69,333,172,161,51,0,0,204,132,72,138,68,70,17,0
175,903,481,422,186,0,0,357,225,132,417,213,204,168,0
894,4238,2129,2109,869,786,1,1740,1144,596,1846,997,849,1070,89
47,230,111,119,49,190,0,42,27,15,120,58,62,53,0
730,3854,1993,1861,660,684,3,1501,1039,462,1977,989,988,835,23
757,3753,1905,1848,710,205,0,1756,1144,612,1896,1070,826,1013,17
800,3901,2023,1878,623,1021,5,1614,1039,575,1486,880,606,534,30
0,0,0,0,0,0,0,0,0,0,0,0,0,0,0
1896,9395,4883,4512,1789,1130,0,4296,2793,1503,4643,2383,2260,2091,32
0,0,0,0,0,0,0,0,0,0,0,0,0,0,0
987,4767,2456,2311,917,225,0,2405,1542,863,2627,1315,1312,1041,21
305,1271,652,619,268,128,0,527,376,151,599,305,294,579,0
582,2709,1337,1372,558,497,0,965,652,313,1284,625,659,581,0
329,1784,941,843,349,15,0,686,496,190,613,385,228,104,1
1396,7033,3664,3369,1444,170,0,2843,1964,879,3513,1809,1704,1025,11
113,536,276,260,130,113,0,199,135,64,243,117,126,135,0
242,1154,575,579,190,55,78,479,304,175,582,283,299,151,0
2823,12925,6693,6232,2538,1929,2,5796,3760,2036,5492,3220,2272,1758,7
278,1287,659,628,205,71,0,745,462,283,601,349,252,98,36
400,2140,1069,1071,465,195,0,998,682,316,1137,534,603,643,6
307,1365,673,692,292,156,0,567,379,188,730,359,371,479,6
464,2287,1144,1143,425,337,0,1079,719,360,1122,564,558,358,2
461,2211,1101,1110,392,149,0,1079,659,420,955,507,448,408,0
300,1429,735,694,266,156,1,770,529,241,675,395,280,242,0
627,2910,1483,1427,595,326,0,1170,810,360,1411,709,702,1062,16
305,1692,845,847,313,92,0,869,570,299,852,422,430,317,3
482,2553,1323,1230,519,280,0,1255,813,442,1011,588,423,581,5
228,1120,585,535,216,32,0,493,324,169,567,288,279,318,0
497,2568,1310,1258,467,219,0,1178,749,429,1245,633,612,178,1
302,1732,889,843,348,153,2,671,438,233,900,456,444,243,0
274,1442,741,701,260,81,32,636,399,237,743,374,369,138,0
2321,11196,5798,5398,1873,1806,410,5359,3479,1880,4086,2827,1259,1362,16
598,2955,1545,1410,558,28,0,1353,897,456,946,697,249,307,8
472,2385,1211,1174,423,553,1,1034,671,363,1047,592,455,323,12
2762,13740,7019,6721,2646,1011,18,5899,3637,2262,5817,3340,2477,2516,114
294,1586,793,793,327,317,0,655,444,211,828,405,423,427,4
300,1554,798,756,279,359,0,731,484,247,753,418,335,172,7
409,1924,991,933,347,129,0,990,608,382,1218,613,605,619,0
377,2030,1047,983,362,66,0,1148,699,449,851,464,387,221,2
406,2094,1122,972,429,164,0,934,646,288,1034,557,477,337,4
3203,16574,8531,8043,3216,1383,1,7003,4622,2381,7795,4311,3484,2951,126
32889,166018,86249,79769,29594,15999,40,80840,51925,28915,72239,42109,30130,27412,586
32889,166018,86249,79769,29594,15999,40,80840,51925,28915,72239,42109,30130,27412,586
0,0,0,0,0,0,0,0,0,0,0,0,0,0,0
793,3943,2050,1893,678,643,2,2120,1313,807,1732,941,791,483,15
272,1389,745,644,201,128,2,935,553,382,562,350,212,151,13
462,2607,1347,1260,457,281,0,1306,875,431,1417,746,671,989,20
178,992,515,477,158,31,0,554,361,193,385,232,153,316,0
1760,9441,4876,4565,1609,406,0,4741,2903,1838,3730,2492,1238,1337,12
533,2488,1301,1187,486,738,0,1181,772,409,714,615,99,143,11
459,2392,1249,1143,488,98,0,1128,728,400,911,550,361,306,3
2038,10072,5268,4804,1811,400,0,4775,3178,1597,4204,2569,1635,898,28
608,2874,1464,1410,556,81,0,1348,869,479,1166,665,501,778,4
2153,10358,5423,4935,1726,818,2,5594,3553,2041,4881,2744,2137,2079,115
1298,6279,3252,3027,1112,765,0,3123,2069,1054,2844,1574,1270,1143,4
747,3322,1724,1598,599,149,0,1556,1016,540,1608,817,791,476,14
3174,14602,7550,7052,2794,1634,18,6237,3955,2282,7154,3904,3250,2504,47
49,227,126,101,44,65,0,106,68,38,61,56,5,27,1
54,248,135,113,62,0,0,59,40,19,91,61,30,50,0
0,0,0,0,0,0,0,0,0,0,0,0,0,0,0
100,446,235,211,17,0,0,317,192,125,125,114,11,55,0
2207,11314,5834,5480,2061,1002,2,4870,3118,1752,5994,3104,2890,2522,25
213,1099,585,514,200,59,0,401,260,141,419,272,147,368,3
694,3206,1657,1549,536,460,0,1707,1115,592,1252,774,478,553,5
247,1187,613,574,177,0,0,623,413,210,610,309,301,339,4
108,584,300,284,122,42,0,256,171,85,311,158,153,77,0
1499,7129,3718,3411,1242,651,0,3594,2303,1291,2990,1851,1139,502,44
940,5009,2602,2407,1025,703,0,1863,1286,577,2356,1247,1109,1098,12
550,2963,1524,1439,605,147,0,1236,838,398,1540,795,745,240,1
1411,7533,3950,3583,1255,728,1,3841,2440,1401,2868,1846,1022,1086,10
2087,10514,5418,5096,1804,1080,3,5923,3593,2330,4203,2318,1885,1107,45
189,1158,601,557,196,89,1,578,384,194,390,274,116,179,55
189,954,511,443,195,0,0,550,348,202,276,204,72,129,4
0,0,0,0,0,0,0,0,0,0,0,0,0,0,0
734,3677,1973,1704,620,925,1,1859,1232,627,1410,877,533,1056,2
1502,8601,4405,4196,1654,807,0,3916,2588,1328,3384,2089,1295,1542,13
60,318,170,148,63,144,0,178,115,63,126,85,41,63,3
574,3480,1845,1635,587,373,1,1843,1197,646,1542,877,665,331,27
458,2316,1201,1115,387,181,0,1195,780,415,1133,592,541,394,1
712,3775,1965,1810,580,230,5,2191,1369,822,1727,1025,702,1105,2
425,2498,1275,1223,414,0,0,1311,847,464,1012,616,396,396,9
1311,6839,3537,3302,1167,801,1,3398,2206,1192,2758,1809,949,852,16
725,3357,1736,1621,662,263,0,1442,928,514,1382,867,515,573,4
292,1656,861,795,246,223,1,818,540,278,645,380,265,118,1
884,4263,2230,2033,837,701,0,1827,1194,633,2021,1096,925,811,13
200,908,478,430,161,153,0,340,215,125,305,214,91,236,0
43523,217331,111970,105361,39020,27346,180,105011,66271,38740,82209,54304,27905,31580,1282
43523,217331,111970,105361,39020,27346,180,105011,66271,38740,82209,54304,27905,31580,1282
0,0,0,0,0,0,0,0,0,0,0,0,0,0,0
1349,6181,3019,3162,1087,864,5,2976,1866,1110,2651,1381,1270,1748,39
336,1385,725,660,197,135,1,852,516,336,422,365,57,163,1
1814,8896,4666,4230,1586,460,1,4242,2681,1561,3055,2307,748,1834,13
447,2118,1120,998,386,50,0,1107,696,411,641,526,115,261,0
509,2704,1381,1323,570,675,5,958,666,292,922,653,269,183,25
117,523,269,254,90,0,0,277,158,119,254,129,125,122,0
202,1039,533,506,212,477,0,370,228,142,250,238,12,220,0
1095,4734,2249,2485,854,588,4,2312,1318,994,1571,943,628,440,64
107,417,180,237,74,9,0,246,136,110,82,70,12,39,0
1257,6919,3587,3332,1385,1485,1,3062,1983,1079,2821,1751,1070,982,19
304,1311,643,668,218,199,0,573,351,222,734,345,389,84,0
1352,6881,3577,3304,1290,409,1,2793,1803,990,2561,1615,946,817,29
546,2586,1318,1268,566,948,0,1349,869,480,895,600,295,175,1
1492,7240,3639,3601,1483,498,3,2971,1884,1087,2677,1698,979,690,7
1143,5696,3018,2678,1105,693,1,2530,1700,830,2120,1470,650,1141,30
1402,7524,3897,3627,1531,767,0,3073,1993,1080,2431,1862,569,669,11
63,343,184,159,54,264,0,149,102,47,98,93,5,81,0
251,1257,623,634,255,0,0,565,346,219,318,291,27,6,0
152,804,407,397,77,17,0,492,295,197,326,220,106,3,0
427,2468,1230,1238,428,611,0,998,581,417,887,603,284,412,1
1898,8936,4723,4213,1447,1424,1,5128,3168,1960,4039,2320,1719,1999,3
686,3669,1848,1821,596,207,0,2012,1197,815,1114,871,243,158,5
1765,8669,4489,4180,1692,1378,6,4065,2577,1488,4552,2470,2082,1855,24
581,2658,1359,1299,475,200,94,1182,720,462,1172,715,457,292,200
46,257,132,125,39,55,0,133,77,56,119,60,59,4,23
320,1701,905,796,260,0,0,756,492,264,804,422,382,112,86
461,2213,1171,1042,431,78,0,1158,766,392,1090,558,532,400,3
0,0,0,0,0,0,0,0,0,0,0,0,0,0,0
285,1616,826,790,305,84,0,743,484,259,398,379,19,210,3
0,0,0,0,0,0,0,0,0,0,0,0,0,0,0
775,4308,2241,2067,737,506,4,2230,1421,809,1518,1078,440,499,18
91,482,246,236,45,270,0,234,138,96,397,204,193,181,47
230,1146,592,554,203,316,1,585,353,232,409,273,136,179,3
493,2480,1394,1086,452,821,11,1200,830,370,1027,596,431,706,1
101,524,282,242,107,231,0,170,115,55,250,134,116,80,0
271,1354,715,639,195,41,0,708,456,252,534,345,189,407,1
1774,8941,4636,4305,1539,1671,8,4515,2831,1684,3524,2442,1082,956,76
1454,6306,3199,3107,1084,858,1,3169,1976,1193,3085,1744,1341,847,19
79,361,193,168,73,278,2,86,46,40,156,99,57,2,0
1728,8835,4538,4297,1586,1042,1,4584,2792,1792,2605,2121,484,846,53
406,2318,1128,1190,388,353,0,1176,693,483,946,565,381,181,2
159,910,460,450,150,60,0,423,290,133,332,211,121,18,3
934,4107,2033,2074,750,523,2,1905,1147,758,1763,962,801,800,5
32,166,87,79,42,118,0,52,30,22,39,38,1,0,1
441,2312,1199,1113,324,181,0,1529,910,619,866,628,238,318,36
706,3546,1825,1721,565,626,0,2036,1257,779,1161,866,295,672,2
480,2169,1116,1053,378,92,1,1186,767,419,1005,510,495,146,11
377,1981,1009,972,331,119,0,967,583,384,821,486,335,631,0
1258,6320,3289,3031,1085,518,1,2951,1948,1003,2339,1669,670,1499,31
235,1146,619,527,162,45,0,737,463,274,416,285,131,10,2
336,1965,1002,963,361,120,0,1056,639,417,610,490,120,93,31
1591,7907,4135,3772,1274,930,0,4111,2695,1416,2819,2124,695,687,8
453,2369,1182,1187,432,208,0,1175,715,460,574,479,95,269,22
764,3859,1972,1887,734,160,0,1751,1132,619,902,840,62,659,3
321,1646,878,768,303,99,0,573,385,188,531,392,139,375,25
887,4531,2308,2223,928,809,0,2020,1329,691,2176,1192,984,395,33
448,2048,1070,978,381,208,0,944,607,337,599,523,76,426,2
620,3474,1809,1665,543,431,5,2128,1293,835,1437,880,557,256,15
2147,10320,5407,4913,1744,1405,16,5279,3247,2032,3438,2559,879,1717,5
1462,7150,3653,3497,1431,188,3,2549,1746,803,3062,1791,1271,1322,88
211,976,489,487,201,281,0,473,287,186,256,218,38,71,1
895,5253,2722,2531,906,774,0,2609,1657,952,1813,1285,528,553,1
957,5376,2824,2552,893,489,1,2828,1840,988,1795,1320,475,679,150
28729,143583,75209,68374,25438,24012,60,70392,44200,26192,54188,36492,17696,21717,646
28729,143583,75209,68374,25438,24012,60,70392,44200,26192,54188,36492,17696,21717,646
0,0,0,0,0,0,0,0,0,0,0,0,0,0,0
1404,6191,3269,2922,1064,880,0,3366,2059,1307,2014,1603,411,627,11
50,265,135,130,33,0,0,66,40,26,67,60,7,29,2
103,571,291,280,96,0,0,155,86,69,120,118,2,90,0
1028,5329,2765,2564,1042,218,8,2488,1536,952,2022,1305,717,876,12
615,3697,1947,1750,751,316,1,1339,847,492,949,872,77,329,0
631,3360,1769,1591,595,198,0,1394,886,508,1099,854,245,651,2
470,2316,1204,1112,361,113,1,1398,838,560,830,571,259,100,1
572,2898,1518,1380,554,699,0,1522,961,561,945,715,230,410,0
1138,5558,2814,2744,910,1377,2,2863,1655,1208,1877,1354,523,810,27
260,1303,696,607,192,439,0,680,415,265,618,379,239,487,2
1181,6288,3262,3026,1069,1469,20,2906,1843,1063,3216,1784,1432,1318,3
1992,9598,5017,4581,1699,1867,15,4644,2867,1777,3462,2378,1084,1161,88
1662,8650,4615,4035,1345,928,0,3870,2492,1378,3098,2234,864,1285,20
827,4230,2268,1962,765,1539,1,2138,1378,760,1646,1085,561,610,19
399,1820,980,840,328,373,0,909,598,311,785,473,312,254,12
1071,5425,2879,2546,927,1370,1,2894,1778,1116,1769,1310,459,397,5
345,1667,876,791,356,26,1,764,484,280,451,403,48,216,3
1436,6956,3693,3263,1159,1699,0,3434,2172,1262,2491,1788,703,867,49
154,721,369,352,140,341,0,388,234,154,375,212,163,60,3
687,3412,1793,1619,589,883,0,1928,1208,720,1169,820,349,547,22
826,3986,2094,1892,768,219,0,1634,1061,573,1272,1050,222,768,3
620,3116,1647,1469,542,212,0,1576,1008,568,1068,781,287,590,31
255,1134,600,534,146,20,1,678,439,239,426,266,160,196,2
465,2308,1174,1134,369,103,0,1264,769,495,807,567,240,394,10
111,629,305,324,97,219,0,395,235,160,286,162,124,105,0
563,2853,1516,1337,527,168,0,1172,792,380,1264,776,488,398,0
1600,8145,4181,3964,1508,1442,3,4227,2681,1546,3177,2004,1173,1517,34
601,3147,1650,1497,469,489,1,1973,1155,818,1343,849,494,33,6
413,2119,1063,1056,377,365,0,949,596,353,941,603,338,601,5
3901,18998,9969,9029,3328,2930,1,9846,6251,3595,8182,4955,3227,3381,139
2585,12575,6592,5983,2377,2241,1,5974,3819,2155,5053,3134,1919,1729,130
764,4318,2258,2060,955,869,3,1558,1017,541,1366,1027,339,881,5
22909,117282,60713,56569,20612,18333,73,57503,34804,22699,37260,28052,9208,11232,1186
22909,117282,60713,56569,20612,18333,73,57503,34804,22699,37260,28052,9208,11232,1186
0,0,0,0,0,0,0,0,0,0,0,0,0,0,0
1969,9824,5079,4745,1674,2921,2,5138,3121,2017,3073,2364,709,620,26
0,0,0,0,0,0,0,0,0,0,0,0,0,0,0
2039,10670,5548,5122,1898,1262,2,5565,3396,2169,3353,2565,788,1204,50
25,140,74,66,24,0,0,76,55,21,40,37,3,7,0
4665,25101,13053,12048,4656,1930,9,10876,6640,4236,8123,6217,1906,2454,405
464,2527,1360,1167,441,536,0,1341,826,515,694,602,92,268,20
3587,17957,9132,8825,3042,3150,6,9556,5586,3970,4845,3868,977,1161,151
514,2919,1492,1427,573,33,0,1234,712,522,888,676,212,402,5
1263,6772,3468,3304,1176,1208,2,3550,2153,1397,1791,1498,293,720,43
682,3466,2012,1454,626,549,0,1518,937,581,990,844,146,318,11
307,1508,799,709,201,9,0,1005,604,401,525,389,136,175,3
0,0,0,0,0,0,0,0,0,0,0,0,0,0,0
629,2937,1468,1469,501,1343,0,1406,864,542,1188,786,402,246,18
831,3715,1909,1806,586,420,0,1554,1006,548,1563,878,685,615,216
1597,7980,4195,3785,1240,1551,8,4216,2571,1645,3231,2202,1029,393,103
185,1120,576,544,222,103,0,427,273,154,324,300,24,231,0
400,1828,811,1017,388,455,0,924,469,455,407,299,108,229,0
361,1893,988,905,288,605,0,1179,692,487,514,418,96,270,2
1190,6208,3240,2968,1133,971,36,2694,1668,1026,2203,1562,641,923,30
2201,10717,5509,5208,1943,1287,8,5244,3231,2013,3508,2547,961,996,103
70277,361400,188764,172636,62881,43239,224,177424,107427,69997,118307,86689,31618,36587,3693
70277,361400,188764,172636,62881,43239,224,177424,107427,69997,118307,86689,31618,36587,3693
0,0,0,0,0,0,0,0,0,0,0,0,0,0,0
487,2861,1518,1343,598,825,2,1233,801,432,723,645,78,338,10
2244,11295,5932,5363,1859,1426,5,5619,3477,2142,4111,2744,1367,1304,69
631,3588,1888,1700,714,383,5,1615,1002,613,1148,850,298,296,49
780,4221,2218,2003,790,150,0,1909,1169,740,1110,912,198,261,168
325,1954,1045,909,336,192,0,921,613,308,828,509,319,484,1
2180,11324,6031,5293,1884,1602,1,6087,3784,2303,4123,2797,1326,784,647
462,2597,1376,1221,478,64,0,1223,816,407,1162,667,495,535,11
0,0,0,0,0,0,0,0,0,0,0,0,0,0,0
401,2163,1133,1030,316,325,0,1251,743,508,568,533,35,373,1
491,2799,1454,1345,544,0,0,1145,774,371,1118,716,402,386,0
169,853,455,398,142,0,0,387,239,148,211,198,13,110,0
549,2653,1426,1227,384,644,0,1630,956,674,882,686,196,211,7
143,726,390,336,170,0,0,265,190,75,244,191,53,200,0
487,2631,1385,1246,522,177,0,1063,691,372,1039,658,381,625,54
372,2030,1086,944,297,0,0,1096,669,427,650,537,113,84,3
159,828,437,391,121,24,0,514,292,222,462,241,221,125,2
691,3532,1753,1779,658,416,0,1603,962,641,953,645,308,260,32
570,2998,1527,1471,606,463,15,1333,820,513,750,645,105,123,4
905,4454,2204,2250,862,417,0,1873,1133,740,1845,1085,760,234,16
489,2620,1374,1246,358,568,53,1417,846,571,1274,825,449,260,264
837,4345,2307,2038,918,560,1,1948,1192,756,1370,1037,333,696,8
128,674,341,333,150,0,0,281,167,114,26,16,10,1,0
557,2437,1279,1158,516,341,0,916,521,395,1118,600,518,477,31
457,2132,1148,984,368,71,0,958,571,387,630,527,103,509,0
92,397,210,187,87,0,0,110,83,27,118,101,17,97,5
311,1477,755,722,329,94,0,534,352,182,341,331,10,97,0
441,2060,1111,949,358,445,0,808,492,316,578,538,40,274,14
1576,8007,4205,3802,1358,611,2,3623,2141,1482,2479,1986,493,1130,15
642,3460,1837,1623,650,1213,29,1309,837,472,1211,856,355,137,4
192,957,499,458,185,0,0,499,312,187,228,201,27,52,0
547,3076,1563,1513,513,428,0,1102,673,429,1642,948,694,353,3
387,2103,1096,1007,265,361,9,1290,746,544,593,481,112,98,17
275,1322,712,610,235,198,0,513,325,188,332,324,8,235,0
298,1316,723,593,257,634,1,469,296,173,555,347,208,118,6
230,1082,575,507,204,465,1,446,295,151,191,167,24,153,0
365,1737,880,857,318,241,1,969,533,436,1117,542,575,495,14
468,2446,1213,1233,407,319,2,1107,633,474,616,499,117,182,17
221,1180,592,588,225,421,2,529,287,242,399,262,137,58,1
30,206,108,98,53,0,0,49,27,22,78,44,34,0,0
142,801,417,384,168,188,0,359,198,161,405,214,191,123,1
558,3174,1637,1537,547,218,1,1653,959,694,1136,808,328,459,69
536,2784,1443,1341,636,0,0,1180,675,505,882,603,279,313,18
199,1105,621,484,192,143,2,513,313,200,344,265,79,77,1
1358,6881,3569,3312,1249,1096,0,3385,1981,1404,2141,1695,446,641,132
22,138,71,67,29,0,0,55,37,18,42,34,8,1,0
349,1662,858,804,340,212,0,847,480,367,388,349,39,292,4
1134,5665,2958,2707,1094,336,0,2333,1410,923,1939,1264,675,1341,41
329,1581,833,748,264,160,11,755,481,274,639,395,244,82,4
196,1096,566,530,240,0,0,394,233,161,264,254,10,130,0
1048,5707,2994,2713,1142,69,0,2932,1718,1214,1943,1407,536,948,27
989,4629,2412,2217,837,378,0,1799,1135,664,1669,1076,593,127,249
159,915,470,445,193,0,0,417,229,188,285,228,57,222,0
2087,10208,5326,4882,1804,745,0,5194,3149,2045,3432,2519,913,1395,175
610,2626,1294,1332,365,369,0,1708,962,746,628,590,38,26,3
373,1621,770,851,250,380,0,884,471,413,534,299,235,41,4
926,4711,2455,2256,942,262,1,1995,1256,739,1395,1165,230,404,29
751,3323,1746,1577,510,379,3,1979,1173,806,1361,929,432,267,39
0,0,0,0,0,0,0,0,0,0,0,0,0,0,0
1083,5256,2767,2489,963,566,3,2298,1457,841,1766,1335,431,543,45
1399,7915,4201,3714,1444,443,6,4095,2487,1608,2294,1928,366,537,15
592,2853,1463,1390,559,431,0,1559,907,652,874,664,210,161,11
1378,7446,3886,3560,1250,1661,1,3759,2198,1561,1969,1648,321,332,75
3105,16103,8463,7640,2502,2225,20,9362,5582,3780,4832,3722,1110,811,379
2120,11423,5920,5503,1743,1227,1,5768,3398,2370,3763,2605,1158,1116,54
333,1767,913,854,357,262,0,642,375,267,751,462,289,364,4
620,3234,1718,1516,573,266,0,1499,1005,494,1456,841,615,533,31
571,2861,1534,1327,457,459,0,1696,1038,658,893,732,161,360,20
1203,6051,3148,2903,884,744,0,3199,1914,1285,1645,1330,315,521,172
352,1813,952,861,277,337,0,1021,607,414,732,438,294,6,4
820,3908,2014,1894,618,660,0,1993,1194,799,1163,890,273,207,30
312,1654,863,791,287,430,1,747,464,283,517,399,118,162,3
945,4866,2554,2312,730,288,1,2754,1596,1158,1652,1171,481,407,33
764,4340,2270,2070,743,740,1,2448,1416,1032,1156,966,190,618,27
483,2383,1264,1119,302,290,0,1398,811,587,759,611,148,68,2
1202,6604,3440,3164,1098,1227,0,3124,1857,1267,2100,1707,393,634,53
957,5305,2743,2562,976,767,12,2360,1414,946,1987,1245,742,1188,19
1980,9311,4961,4350,1655,1749,2,4402,2718,1684,3645,2316,1329,1912,20
955,5103,2645,2458,741,796,3,3122,1828,1294,1485,1314,171,328,36
4,24,10,14,3,0,0,2,2,0,10,7,3,9,0
81,480,260,220,59,0,0,223,145,78,133,127,6,109,0
614,3149,1655,1494,563,417,1,1409,919,490,1080,807,273,393,10
224,1215,654,561,188,147,0,609,389,220,302,280,22,90,3
0,0,0,0,0,0,0,0,0,0,0,0,0,0,0
0,0,0,0,0,0,0,0,0,0,0,0,0,0,0
699,3641,1915,1726,643,835,0,1640,1028,612,1041,838,203,375,5
2560,11543,5973,5570,1759,1236,2,6790,3984,2806,3161,2516,645,707,48
1532,8064,4120,3944,1359,543,1,3631,2160,1471,2817,1850,967,651,9
3,18,13,5,1,0,0,9,8,1,7,7,0,0,0
0,0,0,0,0,0,0,0,0,0,0,0,0,0,0
456,2109,1119,990,285,295,0,930,599,331,556,495,61,71,1
1339,7194,3706,3488,1319,558,2,3209,1983,1226,1832,1671,161,442,22
915,5201,2745,2456,980,840,0,2191,1444,747,1489,1128,361,476,15
1215,5860,3050,2810,1082,249,3,3091,1874,1217,1669,1364,305,315,64
70,345,180,165,90,67,0,144,85,59,87,81,6,43,2
457,2486,1299,1187,368,501,2,1393,846,547,910,688,222,329,15
1710,8658,4429,4229,1635,711,0,3707,2214,1493,2583,1996,587,832,31
355,1862,969,893,361,145,0,777,500,277,635,467,168,54,0
0,0,0,0,0,0,0,0,0,0,0,0,0,0,0
59,375,202,173,74,70,0,199,117,82,100,94,6,0,0
3690,19586,10266,9320,3298,1579,9,10297,6335,3962,6555,4920,1635,1234,138
505,2868,1523,1345,590,272,6,1159,781,378,968,696,272,525,26
260,1358,731,627,228,193,0,742,428,314,683,348,335,80,2
0,0,0,0,0,0,0,0,0,0,0,0,0,0,0
65251,320704,167767,152937,59741,31420,166,141721,85344,56377,93459,76387,17072,38435,1377
65251,320704,167767,152937,59741,31420,166,141721,85344,56377,93459,76387,17072,38435,1377
0,0,0,0,0,0,0,0,0,0,0,0,0,0,0
770,3522,1823,1699,622,241,14,1267,792,475,968,867,101,799,14
1743,8162,4217,3945,1566,489,0,3391,1982,1409,1985,1878,107,1265,24
742,3802,1972,1830,791,281,1,2064,1162,902,785,729,56,215,8
124,411,191,220,67,0,0,179,94,85,128,74,54,80,13
2346,10744,5741,5003,2212,2239,2,3351,2146,1205,3901,2649,1252,2044,26
446,1902,997,905,327,366,0,951,558,393,802,502,300,174,8
500,2441,1324,1117,438,356,0,925,569,356,1140,775,365,887,4
153,827,447,380,147,203,0,479,310,169,281,187,94,260,0
348,1530,809,721,255,265,0,705,432,273,781,397,384,293,7
3000,14201,7338,6863,2875,1336,2,5955,3534,2421,3745,3150,595,2403,25
806,4093,2158,1935,846,239,29,1461,857,604,1123,949,174,743,17
836,4006,2100,1906,717,497,0,1451,908,543,1241,996,245,563,9
1097,5500,2873,2627,1108,127,0,2211,1258,953,1534,1271,263,971,2
382,1599,840,759,244,27,0,826,493,333,439,411,28,25,3
2010,9189,4922,4267,1314,963,7,5479,3134,2345,2736,2299,437,408,76
640,3229,1689,1540,560,929,0,1497,975,522,1106,914,192,231,43
0,0,0,0,0,0,0,0,0,0,0,0,0,0,0
1191,5289,2795,2494,1037,686,3,2036,1253,783,1784,1310,474,470,57
503,2376,1257,1119,501,972,0,980,620,360,708,585,123,265,113
1597,6648,3533,3115,1152,1285,4,3551,2058,1493,2399,1786,613,238,10
570,2559,1324,1235,525,807,2,955,556,399,835,553,282,27,8
0,0,0,0,0,0,0,0,0,0,0,0,0,0,0
4505,21399,11208,10191,3920,2826,1,8714,5450,3264,6993,5261,1732,2467,136
2408,12389,6494,5895,2316,447,0,5147,3060,2087,2964,2713,251,623,66
863,4069,2106,1963,664,178,0,1601,1009,592,1069,937,132,353,10
3111,15762,8094,7668,3092,807,9,6172,3627,2545,4305,3497,808,1848,72
2832,13981,7278,6703,2825,1794,1,5144,3076,2068,3962,3348,614,1544,47
1430,6880,3610,3270,1267,34,2,3174,1844,1330,2017,1653,364,744,13
407,1737,902,835,339,87,0,802,502,300,595,417,178,378,3
549,2864,1465,1399,639,125,0,1380,758,622,850,640,210,453,17
855,4252,2269,1983,894,46,0,1692,1000,692,1079,1034,45,766,4
478,2381,1252,1129,508,0,0,1014,602,412,576,536,40,339,4
4187,22445,11727,10718,3981,2228,2,10368,5969,4399,6183,5423,760,2596,61
0,0,0,0,0,0,0,0,0,0,0,0,0,0,0
736,3385,1731,1654,667,1106,9,1273,745,528,867,750,117,411,34
2785,13846,7344,6502,2478,1267,0,6864,4377,2487,4397,3450,947,1302,34
1276,5550,2941,2609,946,458,8,2609,1653,956,1629,1450,179,553,6
1131,5322,2803,2519,1187,1103,6,1617,1044,573,1147,1065,82,650,44
550,2517,1356,1161,424,197,2,1035,702,333,755,611,144,541,0
331,1665,878,787,262,243,31,1055,615,440,537,451,86,213,1
917,4491,2344,2147,863,428,5,2425,1378,1047,1100,1043,57,382,13
976,5083,2559,2524,918,240,0,2099,1288,811,1563,1197,366,630,48
79,384,200,184,80,0,0,193,127,66,179,91,88,8,8
1031,5585,2882,2703,1029,514,20,2603,1738,865,1861,1346,515,532,3
172,886,484,402,127,172,0,489,332,157,267,241,26,194,0
872,4510,2402,2108,721,318,0,2751,1682,1069,1184,1139,45,233,5
235,1195,655,540,242,107,0,578,394,184,427,272,155,314,1
492,2212,1163,1049,415,92,0,820,512,308,618,517,101,528,1
398,1956,986,970,377,443,1,791,482,309,654,488,166,395,9
0,0,0,0,0,0,0,0,0,0,0,0,0,0,0
3540,17713,9287,8426,3211,722,0,8354,4872,3482,4533,4020,513,2522,13
947,5169,2689,2480,952,861,1,2438,1508,930,1393,1226,167,582,86
2925,15807,8126,7681,3146,776,0,6975,3969,3006,4000,3512,488,1539,90
1743,9728,5128,4600,1582,207,0,4566,2876,1690,3106,2467,639,1147,44
2196,10846,5675,5171,1875,746,3,5985,3627,2358,3331,2595,736,767,33
0,0,0,0,0,0,0,0,0,0,0,0,0,0,0
490,2665,1379,1286,490,540,1,1279,835,444,897,715,182,520,4
48589,247856,129213,118643,44527,37651,162,116680,71083,45597,77144,59591,17553,22363,1282
47256,240786,125446,115340,43477,37371,162,112114,68377,43737,75241,58031,17210,21991,1213
1333,7070,3767,3303,1050,280,0,4566,2706,1860,1903,1560,343,372,69
894,4373,2254,2119,882,384,0,1864,1097,767,1066,1003,63,611,7
335,1598,868,730,245,150,0,1071,637,434,437,400,37,117,7
322,1532,805,727,251,236,0,841,520,321,382,367,15,97,1
242,1240,641,599,243,100,1,515,331,184,421,285,136,169,0
24,114,54,60,25,0,0,58,33,25,29,29,0,13,0
1530,7470,3936,3534,1258,881,4,3666,2265,1401,2040,1795,245,477,60
57,256,135,121,45,0,0,129,83,46,65,62,3,41,0
3230,16039,8376,7663,2581,2448,2,8249,5092,3157,4570,3797,773,1501,27
778,4364,2262,2102,836,631,4,1903,1200,703,1315,1124,191,63,7
310,1324,705,619,262,326,0,725,430,295,436,314,122,15,3
104,444,229,215,65,76,0,247,158,89,107,88,19,28,1
102,471,261,210,81,39,1,71,50,21,124,115,9,122,0
90,424,233,191,74,28,0,176,119,57,150,119,31,58,6
0,0,0,0,0,0,0,0,0,0,0,0,0,0,0
0,0,0,0,0,0,0,0,0,0,0,0,0,0,0
132,625,319,306,138,11,0,147,100,47,183,176,7,6,0
2427,12413,6434,5979,2381,1409,0,5270,3201,2069,3695,2969,726,1023,44
0,0,0,0,0,0,0,0,0,0,0,0,0,0,0
2643,13285,6863,6422,2515,1312,68,5184,3080,2104,3764,3042,722,1141,48
786,3524,1898,1626,504,392,6,1740,1119,621,962,887,75,190,10
1129,5192,2690,2502,953,670,1,2083,1248,835,1667,1217,450,621,2
348,1569,767,802,332,192,3,641,369,272,335,329,6,80,20
868,4548,2375,2173,726,738,0,2364,1432,932,1852,1157,695,310,10
2453,12896,6741,6155,2446,1231,1,5510,3414,2096,3607,2931,676,606,38
883,4450,2368,2082,815,939,1,2225,1333,892,1388,1081,307,710,25
1116,5309,2750,2559,744,581,0,3318,1959,1359,1802,1305,497,320,72
2120,9956,5180,4776,1814,2679,1,4220,2614,1606,3325,2462,863,1440,54
164,689,372,317,129,312,0,328,222,106,185,178,7,0,1
1685,8816,4620,4196,1548,801,3,3857,2359,1498,2054,1770,284,388,41
0,0,0,0,0,0,0,0,0,0,0,0,0,0,0
1690,9208,4810,4398,1721,1309,0,4236,2586,1650,2713,2204,509,672,135
148,682,380,302,112,95,0,342,226,116,195,181,14,0,0
695,3548,1794,1754,646,319,0,1741,983,758,1228,800,428,47,66
670,3319,1721,1598,613,673,1,1586,974,612,1285,838,447,574,29
0,0,0,0,0,0,0,0,0,0,0,0,0,0,0
0,0,0,0,0,0,0,0,0,0,0,0,0,0,0
84,453,217,236,99,0,0,143,96,47,162,112,50,105,3
365,1897,935,962,307,661,0,949,535,414,757,455,302,201,1
603,2893,1486,1407,493,152,0,1561,946,615,897,583,314,191,5
282,1123,559,564,166,231,0,645,377,268,515,279,236,21,7
457,2177,1138,1039,422,589,2,971,627,344,731,556,175,227,5
1736,9485,5083,4402,1850,796,1,4820,3001,1819,3082,2464,618,821,47
680,3642,1885,1757,851,440,0,1134,709,425,1420,892,528,325,45
277,1768,942,826,411,104,0,621,431,190,876,489,387,48,4
184,815,429,386,146,269,8,353,205,148,223,210,13,127,1
1221,6514,3405,3109,1317,1435,10,2251,1506,745,2289,1553,736,720,69
850,5152,2644,2508,1113,636,0,2097,1263,834,1374,1218,156,501,67
36,171,98,73,26,0,0,86,67,19,83,52,31,0,0
156,915,496,419,145,282,0,411,276,135,403,266,137,155,42
0,0,0,0,0,0,0,0,0,0,0,0,0,0,0
209,1034,557,477,199,52,0,591,368,223,274,266,8,36,0
109,682,319,363,95,127,0,312,140,172,312,176,136,2,1
0,0,0,0,0,0,0,0,0,0,0,0,0,0,0
714,3471,1810,1661,594,928,6,1807,1149,658,1543,1080,463,331,43
339,1563,781,782,251,901,2,710,426,284,497,365,132,94,3
0,0,0,0,0,0,0,0,0,0,0,0,0,0,0
422,2294,1171,1123,372,228,0,1060,600,460,879,592,287,281,4
564,2826,1480,1346,477,863,1,1773,1051,722,651,624,27,156,8
1046,5620,2921,2699,1054,740,0,2886,1773,1113,1829,1405,424,1064,12
199,951,516,435,141,174,0,552,328,224,337,310,27,66,2
376,1790,957,833,290,136,0,1130,673,457,759,500,259,319,5
471,3520,1842,1678,614,1087,0,1937,1142,795,1366,925,441,776,18
861,5055,2649,2406,693,760,1,2847,1747,1100,1443,1267,176,716,7
865,3753,1900,1853,664,1082,0,1782,1067,715,1139,818,321,268,5
19,105,65,40,19,0,0,59,43,16,29,29,0,2,0
168,976,514,462,119,0,0,526,344,182,225,219,6,47,0
14,80,41,39,18,1,0,43,28,15,18,18,0,11,0
803,4021,2068,1953,621,549,0,2077,1214,863,1594,1013,581,217,4
325,1801,929,872,401,0,0,512,312,200,608,447,161,342,2
730,3941,2082,1859,711,223,0,1616,1022,594,1249,987,262,438,6
489,2310,1213,1097,390,801,0,1471,867,604,675,596,79,189,0
167,895,469,426,135,350,0,347,211,136,253,212,41,94,0
38,134,63,71,30,0,0,62,34,28,41,32,9,0,0
436,1995,966,1029,394,1604,3,893,521,372,869,484,385,68,14
2403,12405,6441,5964,2310,1667,16,5490,3219,2271,3469,2802,667,1305,55
219,1003,530,473,192,504,0,495,305,190,385,255,130,72,0
275,1465,772,693,288,37,15,699,453,246,482,339,143,110,14
89,413,232,181,74,0,0,88,67,21,121,116,5,105,0
1333,7070,3767,3303,1050,280,0,4566,2706,1860,1903,1560,343,372,69
54966,270642,140092,130550,46544,36312,235,132507,81137,51370,90170,65408,24762,20902,4249
54966,270642,140092,130550,46544,36312,235,132507,81137,51370,90170,65408,24762,20902,4249
0,0,0,0,0,0,0,0,0,0,0,0,0,0,0
1507,7477,3939,3538,1453,792,1,3197,2087,1110,2750,1868,882,374,40
427,2178,1159,1019,312,742,11,1204,754,450,562,438,124,27,26
1488,6832,3447,3385,1079,1230,142,3783,2205,1578,2887,1780,1107,872,192
11,48,30,18,9,0,0,31,20,11,9,9,0,0,0
1930,9745,5113,4632,1735,1695,4,4738,2784,1954,2598,2237,361,523,9
1692,7860,4032,3828,1433,933,1,4102,2516,1586,2384,1886,498,168,25
209,1016,536,480,175,604,2,427,280,147,335,251,84,219,2
1578,7827,4074,3753,1436,1183,3,3654,2212,1442,2170,1858,312,356,115
3112,18101,9362,8739,3554,1220,8,7196,4263,2933,5359,3957,1402,1149,379
1098,6089,3249,2840,1057,1256,2,3136,2001,1135,1793,1503,290,497,19
50,279,143,136,66,89,0,133,90,43,101,65,36,1,1
71,334,171,163,59,64,0,116,80,36,157,91,66,1,3
2021,9809,5189,4620,1618,1989,0,5548,3422,2126,3345,2601,744,975,82
0,0,0,0,0,0,0,0,0,0,0,0,0,0,0
6590,32689,17033,15656,5457,4334,16,16544,9999,6545,10231,8087,2144,1440,381
38,185,102,83,23,0,0,123,72,51,152,85,67,25,4
80,338,176,162,46,32,0,167,113,54,277,147,130,75,0
86,362,184,178,58,0,0,235,138,97,101,84,17,0,0
260,1223,640,583,211,313,0,508,324,184,399,322,77,214,2
208,1034,522,512,211,3,0,268,188,80,439,248,191,91,0
43,137,69,68,22,3,0,90,52,38,39,25,14,11,1
257,1265,669,596,216,0,0,531,340,191,351,325,26,32,1
210,906,445,461,167,27,0,496,294,202,322,221,101,38,22
113,583,325,258,101,0,0,273,183,90,264,192,72,63,2
0,0,0,0,0,0,0,0,0,0,0,0,0,0,0
722,3282,1778,1504,586,264,1,1798,1141,657,929,762,167,235,10
181,1066,543,523,162,0,0,524,355,169,345,263,82,143,5
0,0,0,0,0,0,0,0,0,0,0,0,0,0,0
0,0,0,0,0,0,0,0,0,0,0,0,0,0,0
0,0,0,0,0,0,0,0,0,0,0,0,0,0,0
0,0,0,0,0,0,0,0,0,0,0,0,0,0,0
0,0,0,0,0,0,0,0,0,0,0,0,0,0,0
14,60,30,30,12,0,0,32,20,12,34,18,16,0,0
1906,8828,4561,4267,1483,1027,0,3853,2372,1481,2984,2090,894,883,331
30,114,48,66,27,0,0,27,10,17,62,22,40,2,0
203,821,372,449,180,475,0,303,157,146,421,191,230,8,4
350,1720,889,831,247,299,0,1028,652,376,690,415,275,73,5
1286,5746,2966,2780,939,620,3,2956,1785,1171,2158,1567,591,769,18
134,594,311,283,106,247,0,216,117,99,212,172,40,153,6
375,1726,917,809,260,41,0,1009,615,394,736,454,282,37,24
387,2050,1040,1010,272,0,0,1422,798,624,934,592,342,167,58
102,377,175,202,75,0,0,173,105,68,171,68,103,4,3
3143,15483,8051,7432,2542,2055,13,8186,4977,3209,4624,3646,978,704,114
621,2973,1502,1471,555,1112,0,1237,746,491,800,687,113,39,16
0,0,0,0,0,0,0,0,0,0,0,0,0,0,0
2967,14435,7342,7093,2352,2129,0,7451,4533,2918,4463,3374,1089,602,40
123,468,250,218,44,0,0,262,179,83,212,103,109,50,6
695,3902,1980,1922,665,1138,5,1854,1231,623,1017,920,97,63,12
730,3527,1824,1703,624,1035,4,1668,988,680,1727,1030,697,411,8
495,2154,1131,1023,410,412,0,1147,719,428,586,506,80,18,9
906,4543,2317,2226,768,561,4,2061,1316,745,1378,1006,372,243,9
367,1549,807,742,257,966,1,497,301,196,786,399,387,398,131
2412,12347,6512,5835,2177,1028,0,5682,3525,2157,5663,3400,2263,1620,1277
0,0,0,0,0,0,0,0,0,0,0,0,0,0,0
335,1832,922,910,282,485,2,991,575,416,577,458,119,301,2
210,1003,533,470,158,0,0,457,332,125,413,253,160,65,2
779,3949,2081,1868,635,216,0,2354,1418,936,1453,928,525,465,31
0,0,0,0,0,0,0,0,0,0,0,0,0,0,0
647,3284,1664,1620,527,309,0,1459,906,553,1224,744,480,142,201
43,219,120,99,33,192,0,67,39,28,106,55,51,47,5
1030,4931,2516,2415,864,44,0,2272,1486,786,1580,1126,454,617,64
317,1416,725,691,257,183,0,727,454,273,430,310,120,236,8
52,250,127,123,45,162,1,67,49,18,58,53,5,44,0
324,1614,815,799,239,174,2,716,447,269,654,382,272,307,9
319,1365,680,685,206,80,0,764,448,316,592,346,246,101,22
0,0,0,0,0,0,0,0,0,0,0,0,0,0,0
345,1775,934,841,276,5,0,699,447,252,565,410,155,193,2
3843,17864,9034,8830,2857,1835,9,9337,5594,3743,5828,3970,1858,1929,248
1003,4718,2445,2273,1009,807,0,2036,1340,696,1158,1087,71,789,5
1189,5988,3088,2900,1108,735,0,2672,1654,1018,2250,1474,776,813,101
994,5052,2550,2502,858,346,0,2514,1459,1055,1371,1041,330,276,33
1187,6129,3184,2945,1154,468,0,2711,1724,987,1895,1411,484,327,26
0,0,0,0,0,0,0,0,0,0,0,0,0,0,0
538,2383,1251,1132,379,100,0,1222,768,454,872,652,220,266,14
583,2788,1468,1320,416,253,0,1556,938,618,1187,743,444,211,84
51850,246933,127851,119082,42935,39262,133,122496,74731,47765,81090,59157,21933,24487,2661
50134,238873,123675,115198,41597,38960,127,117647,71927,45720,78539,57225,21314,24291,2320
1716,8060,4176,3884,1338,302,6,4849,2804,2045,2551,1932,619,196,341
3089,16533,8632,7901,2675,933,7,9145,5382,3763,4865,3909,956,1123,296
1421,6714,3498,3216,1070,654,0,3995,2337,1658,2249,1679,570,288,60
132,690,336,354,146,467,15,287,158,129,131,119,12,101,0
792,3769,2002,1767,568,644,0,2286,1373,913,1229,898,331,480,10
373,1887,964,923,310,205,0,1166,682,484,466,407,59,101,5
177,1142,584,558,207,97,0,744,440,304,308,288,20,71,0
376,1760,923,837,369,347,0,737,451,286,773,506,267,384,8
204,839,445,394,131,0,0,430,300,130,294,238,56,7,3
557,2446,1263,1183,336,48,0,1297,844,453,789,586,203,240,1
73,351,190,161,70,101,0,114,67,47,121,92,29,66,0
3769,17649,9135,8514,3138,3643,24,8153,5055,3098,6265,4442,1823,1744,194
2524,11556,5946,5610,1855,1048,2,6135,3729,2406,3910,2764,1146,1209,106
39,228,121,107,40,28,0,135,82,53,65,49,16,0,0
1119,5225,2716,2509,1021,1108,11,2216,1353,863,1902,1294,608,607,6
250,1258,652,606,224,284,0,482,301,181,313,294,19,238,1
180,903,466,437,131,0,0,364,210,154,91,76,15,35,0
1195,6720,3488,3232,1312,333,11,2728,1765,963,2241,1663,578,1292,31
1937,9647,5077,4570,1722,2379,6,4355,2657,1698,2816,2404,412,1236,166
1937,8648,4184,4464,1533,895,0,4248,2404,1844,2827,1822,1005,201,6
161,772,412,360,148,0,0,312,245,67,392,191,201,337,0
141,622,320,302,156,421,0,192,115,77,242,144,98,4,0
651,3256,1584,1672,613,486,0,1447,787,660,755,613,142,302,14
1554,7147,3597,3550,1167,462,1,3663,2150,1513,2661,1742,919,852,97
1846,7996,4105,3891,1381,1152,1,4174,2473,1701,2785,1937,848,919,54
632,3154,1651,1503,544,753,2,1699,1023,676,1040,736,304,332,63
1014,5552,3133,2419,856,982,5,2727,1773,954,1538,1279,259,290,44
1739,7815,4045,3770,1225,581,1,4372,2579,1793,2612,1952,660,577,26
1013,4857,2443,2414,940,988,0,2139,1333,806,1420,1134,286,863,13
127,556,296,260,85,33,0,269,192,77,205,137,68,163,0
224,1228,656,572,248,172,0,459,298,161,302,284,18,125,31
27,104,51,53,17,10,0,50,31,19,53,29,24,0,0
410,1853,863,990,449,0,0,742,423,319,577,362,215,193,14
495,2287,1189,1098,341,179,0,1377,814,563,670,556,114,236,14
767,3820,2190,1630,647,719,4,2338,1499,839,911,806,105,273,67
247,1310,753,557,181,171,26,791,541,250,486,463,23,87,0
2050,9516,4876,4640,1683,2498,4,4909,2922,1987,2870,2287,583,1320,34
599,2607,1376,1231,395,260,0,1631,1012,619,935,611,324,185,2
247,1174,589,585,256,706,0,505,310,195,530,291,239,342,3
312,1327,703,624,173,268,0,738,443,295,439,319,120,104,20
613,3119,1573,1546,618,408,0,1144,798,346,889,778,111,437,4
694,3345,1724,1621,665,660,0,1404,935,469,1156,839,317,675,17
309,1443,747,696,325,26,0,600,400,200,543,342,201,272,1
138,717,376,341,128,514,1,378,223,155,171,160,11,126,0
0,0,0,0,0,0,0,0,0,0,0,0,0,0,0
1529,7376,3872,3504,1233,1336,1,3663,2267,1396,2305,1818,487,963,17
338,1580,844,736,292,860,2,492,322,170,833,438,395,807,1
21,122,67,55,23,0,0,15,10,5,70,34,36,30,0
121,608,313,295,75,243,0,424,232,192,174,168,6,56,1
463,2383,1233,1150,500,308,0,801,588,213,1233,632,601,59,1
301,1630,847,783,262,312,0,837,541,296,549,395,154,151,25
181,796,423,373,99,0,0,394,245,149,192,180,12,5,1
306,1451,730,721,315,639,1,471,262,209,480,364,116,313,0
275,1218,631,587,164,0,0,692,419,273,740,459,281,224,430
248,1232,618,614,215,27,0,514,334,180,184,167,17,82,0
109,449,254,195,59,39,0,263,172,91,134,110,24,46,0
1559,7300,3793,3507,1408,2544,1,3640,2190,1450,2157,1645,512,711,156
95,410,199,211,65,0,0,240,147,93,39,38,1,1,16
4261,18797,9558,9239,3229,3732,0,9374,5771,3603,7353,4474,2879,908,178
523,2021,1053,968,321,82,0,898,572,326,556,484,72,119,3
857,4512,2382,2130,940,506,0,1491,993,498,1225,1001,224,233,25
39,179,80,99,37,38,0,50,35,15,57,40,17,46,0
2508,12283,6363,5920,2063,2587,1,5901,3618,2283,4146,2995,1151,1055,53
246,984,541,443,198,44,0,410,300,110,275,261,14,45,2
1716,8060,4176,3884,1338,302,6,4849,2804,2045,2551,1932,619,196,341
38475,191680,100056,91624,33054,25892,65,99158,61651,37507,75270,47951,27319,22216,1051
38475,191680,100056,91624,33054,25892,65,99158,61651,37507,75270,47951,27319,22216,1051
0,0,0,0,0,0,0,0,0,0,0,0,0,0,0
485,2276,1198,1078,420,263,0,1133,735,398,1098,616,482,447,10
0,0,0,0,0,0,0,0,0,0,0,0,0,0,0
616,2844,1514,1330,447,187,1,1407,909,498,1042,774,268,325,91
1142,5293,2831,2462,860,1113,5,2501,1603,898,2311,1396,915,786,17
632,3341,1775,1566,479,361,0,1872,1203,669,883,772,111,255,31
408,1972,1060,912,274,492,0,1215,748,467,762,528,234,53,1
810,3918,2035,1883,732,128,1,1719,1108,611,1510,956,554,663,6
1294,6372,3337,3035,946,1140,0,3628,2269,1359,1910,1572,338,718,18
208,954,492,462,174,0,0,527,325,202,366,252,114,200,0
150,681,361,320,80,110,0,453,273,180,213,180,33,40,0
238,1249,652,597,226,98,0,699,443,256,808,454,354,86,1
865,4671,2398,2273,867,806,1,2364,1473,891,2044,1209,835,639,22
267,1673,882,791,268,6,0,811,514,297,455,298,157,43,0
987,5169,2686,2483,1051,514,0,2422,1517,905,1769,1302,467,655,18
646,3270,1722,1548,567,769,0,1583,1013,570,1316,804,512,636,21
75,354,194,160,75,0,0,216,138,78,153,75,78,26,0
121,575,305,270,100,16,0,306,206,100,280,139,141,121,12
1141,5829,3001,2828,1247,546,0,3036,1922,1114,2545,1379,1166,679,33
903,4320,2259,2061,769,1224,0,2264,1364,900,1821,1084,737,367,3
2166,10899,5727,5172,1661,2043,1,6060,3731,2329,4361,2967,1394,2222,13
503,2495,1303,1192,254,247,0,1620,999,621,665,583,82,194,7
1164,5979,3090,2889,1126,1053,3,2667,1762,905,2370,1539,831,951,8
247,1267,648,619,251,576,0,567,379,188,472,334,138,239,10
431,2418,1274,1144,497,1008,0,1057,700,357,975,579,396,211,2
395,1944,1022,922,356,182,0,906,605,301,740,460,280,167,3
567,2842,1508,1334,380,251,9,1748,1048,700,1084,702,382,175,15
743,3156,1657,1499,494,313,1,1524,968,556,1475,807,668,417,23
310,1445,767,678,247,188,0,875,528,347,381,346,35,25,0
938,4309,2162,2147,858,270,0,1761,1016,745,1424,952,472,490,109
2663,12630,6680,5950,1875,1428,13,7894,4738,3156,5468,3280,2188,1072,113
356,1463,784,679,200,275,0,907,565,342,682,375,307,207,0
735,3776,1998,1778,592,488,0,2177,1330,847,1369,971,398,119,39
2379,11298,5991,5307,1894,838,1,6061,3751,2310,4848,3016,1832,1231,30
423,2047,1045,1002,373,608,6,1097,669,428,903,543,360,257,22
78,426,223,203,80,0,0,157,111,46,150,94,56,3,3
240,1031,540,491,162,149,0,655,393,262,366,265,101,88,0
1121,5207,2721,2486,827,784,5,2781,1660,1121,1989,1275,714,540,122
576,2686,1452,1234,393,426,2,1388,888,500,1233,729,504,265,2
163,760,389,371,142,570,1,337,190,147,353,187,166,31,0
4739,23959,12459,11500,4133,1924,3,11790,7323,4467,8942,5928,3014,2426,51
274,1412,736,676,265,77,0,706,459,247,750,387,363,85,0
446,2746,1455,1291,461,376,0,1583,1015,568,1054,588,466,131,1
0,0,0,0,0,0,0,0,0,0,0,0,0,0,0
276,1505,768,737,301,397,0,639,406,233,587,361,226,317,1
1280,6262,3200,3062,1043,1017,2,3596,2180,1416,2039,1536,503,688,4
2125,11553,5838,5715,2599,462,10,4494,2867,1627,4617,2629,1988,1646,19
1596,8187,4258,3929,1358,1464,0,4578,2745,1833,3500,2018,1482,992,170
553,3217,1659,1558,650,705,0,1377,862,515,1187,710,477,288,0
36807,174930,90255,84675,29948,25261,204,87212,53299,33913,63952,43315,20637,22031,1026
36807,174930,90255,84675,29948,25261,204,87212,53299,33913,63952,43315,20637,22031,1026
0,0,0,0,0,0,0,0,0,0,0,0,0,0,0
1290,5694,2899,2795,820,826,5,3207,1909,1298,2046,1297,749,398,52
1671,7060,3572,3488,1117,952,1,3417,2098,1319,2202,1626,576,826,17
1189,5285,2757,2528,893,443,2,2639,1691,948,1784,1246,538,469,27
0,0,0,0,0,0,0,0,0,0,0,0,0,0,0
2197,9691,4999,4692,1669,1463,2,5043,3041,2002,3266,2357,909,512,139
0,0,0,0,0,0,0,0,0,0,0,0,0,0,0
636,3095,1582,1513,436,333,0,1665,961,704,1722,917,805,375,15
745,3075,1575,1500,540,71,0,1479,882,597,894,716,178,272,4
0,0,0,0,0,0,0,0,0,0,0,0,0,0,0
0,0,0,0,0,0,0,0,0,0,0,0,0,0,0
138,527,279,248,89,168,0,230,152,78,202,143,59,0,0
77,359,180,179,62,329,0,125,74,51,92,81,11,79,0
766,3674,1883,1791,558,317,0,2089,1235,854,1104,893,211,449,127
388,2188,1124,1064,343,329,0,1049,654,395,562,498,64,138,6
3462,15696,8199,7497,2571,2506,4,8213,5106,3107,5182,3990,1192,1984,270
1724,8938,4601,4337,1515,1306,1,4402,2666,1736,3082,2258,824,1300,45
121,637,313,324,140,0,0,235,132,103,270,166,104,0,28
702,3341,1773,1568,543,262,6,1662,1008,654,1283,907,376,441,17
370,1781,947,834,258,201,0,955,588,367,907,550,357,524,1
420,2270,1153,1117,422,420,2,994,650,344,713,535,178,212,0
221,1160,597,563,201,339,0,586,362,224,327,283,44,159,7
255,1405,739,666,280,293,0,910,542,368,505,335,170,127,6
596,3073,1590,1483,482,550,0,1321,765,556,1412,772,640,655,9
394,1828,902,926,321,469,1,872,533,339,455,421,34,158,3
457,2583,1329,1254,408,183,0,1424,900,524,610,583,27,411,9
326,1451,760,691,270,51,0,690,452,238,937,482,455,478,16
495,2091,1093,998,374,180,0,931,602,329,828,553,275,40,3
142,695,363,332,127,321,0,343,194,149,291,170,121,6,0
471,2199,1138,1061,436,686,4,1014,646,368,803,509,294,170,7
359,1694,886,808,240,425,21,762,494,268,803,460,343,186,6
402,1699,875,824,287,645,7,1031,615,416,775,486,289,2,2
3,12,6,6,2,0,0,8,5,3,7,3,4,0,0
0,0,0,0,0,0,0,0,0,0,0,0,0,0,0
823,3808,1962,1846,589,148,0,2236,1284,952,1090,910,180,427,21
412,1702,861,841,323,592,1,616,378,238,495,429,66,283,1
0,0,0,0,0,0,0,0,0,0,0,0,0,0,0
206,1139,603,536,206,340,2,592,348,244,336,315,21,88,0
456,2371,1263,1108,383,446,0,1395,891,504,666,566,100,399,1
53,304,151,153,51,0,0,193,106,87,132,67,65,63,0
400,2021,1044,977,393,59,0,1104,647,457,826,490,336,400,2
0,0,0,0,0,0,0,0,0,0,0,0,0,0,0
430,1969,1024,945,302,259,0,898,560,338,952,493,459,456,14
529,2355,1189,1166,421,434,0,1297,789,508,1024,536,488,492,0
196,1146,571,575,218,300,1,634,381,253,358,277,81,164,0
121,663,342,321,112,0,0,426,253,173,160,147,13,21,2
130,627,316,311,134,390,0,324,170,154,180,145,35,9,0
26,98,52,46,12,0,0,62,37,25,31,28,3,4,0
1250,6295,3208,3087,1145,1276,3,3002,1840,1162,2329,1458,871,769,15
405,2054,1074,980,320,19,0,1332,805,527,564,488,76,93,6
1084,5163,2672,2491,787,1212,7,2726,1556,1170,1754,1255,499,661,10
353,1973,1008,965,436,336,0,868,545,323,815,488,327,7,1
1164,5792,2967,2825,961,947,9,2693,1672,1021,2594,1489,1105,248,1
1140,5090,2713,2377,920,359,4,2244,1466,778,2204,1289,915,926,4
2244,11147,5709,5438,2138,1151,8,4534,2662,1872,3722,2637,1085,1638,43
407,2015,1046,969,392,5,0,844,521,323,662,447,215,72,3
214,854,433,421,159,164,0,516,285,231,482,250,232,7,0
447,2137,1120,1017,339,279,0,1119,694,425,672,537,135,67,3
299,1390,749,641,238,42,0,738,452,286,480,340,140,144,0
454,2198,1149,1049,408,370,0,1072,662,410,634,539,95,317,3
220,1086,553,533,296,117,0,322,243,79,498,251,247,239,3
340,1790,899,891,398,141,0,792,534,258,868,445,423,210,14
613,3211,1660,1551,490,617,0,1733,1113,620,1702,887,815,667,34
0,0,0,0,0,0,0,0,0,0,0,0,0,0,0
899,4271,2182,2089,841,376,0,1971,1265,706,1964,1091,873,1157,15
0,0,0,0,0,0,0,0,0,0,0,0,0,0,0
134,790,407,383,161,177,1,322,217,105,240,174,66,140,0
1341,6270,3214,3056,971,637,112,3311,1966,1345,2454,1610,844,1492,14
33484,174831,89555,85276,31857,16323,45,83012,53254,29758,75910,43333,32577,25810,930
33484,174831,89555,85276,31857,16323,45,83012,53254,29758,75910,43333,32577,25810,930
0,0,0,0,0,0,0,0,0,0,0,0,0,0,0
450,2724,1386,1338,561,248,0,1392,875,517,1295,673,622,160,27
883,4145,2135,2010,754,304,0,2105,1361,744,1878,1034,844,256,9
818,4227,2197,2030,723,430,0,2216,1454,762,1707,945,762,282,4
3244,16704,8704,8000,2964,716,0,8038,5380,2658,6072,3913,2159,1643,84
543,3375,1687,1688,645,48,0,1572,1024,548,1705,860,845,491,2
3165,17882,9079,8803,3262,1157,11,8823,5603,3220,8252,4446,3806,3285,55
0,0,0,0,0,0,0,0,0,0,0,0,0,0,0
587,2541,1328,1213,327,401,8,1380,834,546,919,672,247,307,27
109,600,313,287,86,5,0,430,253,177,191,150,41,136,0
541,2899,1492,1407,587,457,0,1297,861,436,1663,852,811,566,9
270,1391,723,668,257,89,0,783,485,298,674,353,321,19,29
299,1849,924,925,317,213,0,939,604,335,914,452,462,116,18
286,1334,653,681,153,58,0,776,495,281,575,294,281,21,0
282,1372,711,661,244,603,7,723,465,258,512,330,182,22,0
308,1277,637,640,208,0,0,704,490,214,483,267,216,35,4
262,1459,750,709,283,330,0,475,296,179,779,403,376,294,7
237,1262,593,669,290,134,0,512,283,229,364,232,132,145,0
992,5081,2482,2599,876,719,0,2598,1495,1103,1714,991,723,172,7
870,3572,1704,1868,613,1338,5,1866,1116,750,851,682,169,211,4
1640,9655,5000,4655,1705,715,0,4779,3066,1713,3945,2438,1507,772,17
49,261,140,121,30,0,0,185,116,69,170,93,77,0,0
281,1259,649,610,204,64,0,679,418,261,868,439,429,0,1
360,1896,968,928,217,200,0,1141,714,427,1310,666,644,511,2
363,1966,1008,958,351,209,0,927,622,305,780,467,313,214,10
539,2826,1461,1365,524,94,0,1126,815,311,1443,719,724,1257,9
418,2219,1135,1084,418,123,0,1016,666,350,1013,539,474,252,36
1180,6728,3364,3364,1375,203,0,2425,1627,798,3025,1532,1493,925,53
1654,8724,4552,4172,1580,880,2,3583,2493,1090,4086,2209,1877,1537,302
251,1355,718,637,182,6,0,562,383,179,551,279,272,0,0
273,1636,855,781,278,32,0,892,570,322,1126,587,539,537,1
602,3168,1630,1538,627,751,0,1305,855,450,1154,792,362,260,5
991,5169,2638,2531,914,343,0,2470,1594,876,2536,1284,1252,691,9
640,3333,1709,1624,713,199,2,1297,884,413,1634,894,740,884,7
530,3146,1610,1536,679,46,0,1125,701,424,1373,692,681,772,4
520,2769,1437,1332,544,133,0,1208,806,402,1247,673,574,704,32
1277,6560,3420,3140,1405,91,0,2660,1702,958,2948,1657,1291,1919,41
449,2438,1299,1139,459,174,0,1137,742,395,1425,763,662,992,1
610,3012,1530,1482,547,23,0,1374,891,483,1182,735,447,616,47
122,508,273,235,91,171,0,301,195,106,158,126,32,106,2
767,3499,1854,1645,479,0,0,2606,1499,1107,1360,940,420,205,0
1513,8394,4254,4140,1638,1011,3,3913,2461,1452,4369,2368,2001,2053,26
1158,5849,3021,2828,1222,1405,0,2423,1593,830,2458,1353,1105,335,21
502,2185,1104,1081,417,569,0,927,613,314,676,469,207,17,0
932,3923,1986,1937,647,828,3,2159,1300,859,1161,899,262,448,1
266,1304,665,639,239,224,1,633,385,248,347,307,40,162,0
387,1619,842,777,265,220,1,674,411,263,427,400,27,37,0
321,1984,1024,960,451,323,2,869,530,339,958,486,472,629,3
422,2063,1061,1002,232,36,0,1074,652,422,940,557,383,431,5
321,1689,850,839,274,0,0,913,576,337,692,421,271,383,9
36887,167841,86959,80882,29192,25926,138,86441,53530,32911,64814,41631,23183,23023,965
36887,167841,86959,80882,29192,25926,138,86441,53530,32911,64814,41631,23183,23023,965
0,0,0,0,0,0,0,0,0,0,0,0,0,0,0
226,913,484,429,125,317,0,601,342,259,421,253,168,179,5
418,1863,882,981,291,212,0,992,588,404,829,395,434,328,3
51,232,117,115,44,230,0,103,62,41,116,61,55,69,0
116,451,244,207,75,134,0,306,174,132,232,122,110,79,2
397,1647,790,857,336,619,0,884,519,365,729,353,376,166,6
445,1858,950,908,427,285,0,693,496,197,498,420,78,336,8
237,1265,644,621,249,12,0,603,376,227,495,301,194,299,2
183,866,453,413,144,438,0,411,260,151,308,205,103,58,4
104,439,229,210,63,237,0,145,97,48,100,99,1,32,0
142,685,375,310,148,0,0,313,200,113,190,158,32,94,1
913,3986,1973,2013,605,685,0,2340,1356,984,1337,867,470,291,30
833,4139,2165,1974,895,393,0,1806,1180,626,1120,920,200,520,46
254,1005,522,483,148,0,0,642,404,238,403,293,110,107,4
1942,8930,4585,4345,1462,2007,10,4354,2758,1596,4105,2363,1742,2285,54
1116,4637,2270,2367,900,756,12,2565,1496,1069,1113,933,180,539,5
247,1166,600,566,222,33,0,619,387,232,470,244,226,77,5
168,787,415,372,120,0,0,455,308,147,445,231,214,89,129
1502,6984,3593,3391,1267,681,0,3760,2317,1443,2628,1666,962,820,43
1040,4697,2406,2291,959,482,0,2152,1337,815,1926,1125,801,766,40
2379,10636,5481,5155,1895,951,5,5399,3324,2075,4811,2906,1905,1602,59
325,1355,696,659,210,189,0,800,483,317,677,360,317,28,3
0,0,0,0,0,0,0,0,0,0,0,0,0,0,0
4559,21564,11104,10460,3751,3156,5,10765,6616,4149,8476,5403,3073,2559,126
0,0,0,0,0,0,0,0,0,0,0,0,0,0,0
0,0,0,0,0,0,0,0,0,0,0,0,0,0,0
4123,19306,10284,9022,2996,1995,13,11235,6869,4366,6220,4582,1638,1373,211
1855,8755,4554,4201,1427,2040,30,4485,2814,1671,3665,2295,1370,1532,37
389,1784,944,840,294,170,1,1032,655,377,405,378,27,251,2
695,3355,1779,1576,528,724,0,1773,1119,654,906,851,55,554,20
554,2492,1316,1176,414,651,0,1108,721,387,518,443,75,303,2
0,0,0,0,0,0,0,0,0,0,0,0,0,0,0
798,3487,1808,1679,614,595,0,1784,1106,678,1411,976,435,253,5
913,4656,2434,2222,953,559,0,2254,1461,793,1864,1247,617,476,18
107,483,242,241,42,0,0,341,186,155,262,134,128,234,0
3807,16774,8750,8024,2742,1980,60,8817,5551,3266,6857,4210,2647,3220,31
688,3120,1608,1512,629,725,1,1185,758,427,1632,860,772,392,1
0,0,0,0,0,0,0,0,0,0,0,0,0,0,0
607,3030,1623,1407,552,775,1,1327,915,412,1322,765,557,520,10
748,3278,1685,1593,620,727,0,1494,984,510,1298,824,474,700,5
0,0,0,0,0,0,0,0,0,0,0,0,0,0,0
854,3781,1982,1799,682,1103,0,1877,1126,751,1743,1014,729,365,22
1275,5323,2734,2589,893,764,0,3130,1811,1319,1946,1339,607,387,11
1375,5886,3097,2789,1062,923,0,2869,1740,1129,2514,1475,1039,901,3
502,2226,1141,1085,408,378,0,1022,634,388,822,560,262,239,12
58460,267606,139319,128287,51104,43006,742,120076,76517,43559,98855,66212,32643,38690,1855
58460,267606,139319,128287,51104,43006,742,120076,76517,43559,98855,66212,32643,38690,1855
0,0,0,0,0,0,0,0,0,0,0,0,0,0,0
318,1320,689,631,215,0,0,807,486,321,553,397,156,118,0
1164,5510,2871,2639,1084,598,0,2434,1648,786,1883,1360,523,1059,7
473,2223,1178,1045,430,664,0,888,645,243,563,497,66,339,2
152,607,328,279,109,0,0,395,246,149,165,160,5,150,0
420,1973,1024,949,381,71,0,712,480,232,688,472,216,43,1
325,1580,821,759,300,152,0,681,463,218,668,389,279,191,0
191,906,471,435,173,108,0,506,338,168,364,247,117,266,2
353,1473,784,689,219,15,0,885,519,366,501,386,115,318,0
223,1048,541,507,209,715,1,405,268,137,421,255,166,117,1
1501,7084,3637,3447,1452,1076,627,3510,2223,1287,2705,1729,976,614,5
0,0,0,0,0,0,0,0,0,0,0,0,0,0,0
0,0,0,0,0,0,0,0,0,0,0,0,0,0,0
1306,5527,2913,2614,741,246,0,3431,2096,1335,1941,1517,424,533,4
1319,6178,3221,2957,1136,922,0,2832,1897,935,2427,1607,820,891,57
266,1167,622,545,190,34,0,646,418,228,364,272,92,335,0
2291,9758,5092,4666,1826,519,12,4568,2815,1753,3662,2368,1294,1114,13
5720,25831,13484,12347,4536,3592,11,14129,8444,5685,7556,6261,1295,2652,229
341,1987,1058,929,331,399,0,709,486,223,620,471,149,409,48
0,0,0,0,0,0,0,0,0,0,0,0,0,0,0
1485,6293,3269,3024,1287,1242,12,2873,1849,1024,2205,1458,747,1296,20
376,1750,923,827,400,358,4,766,477,289,519,390,129,361,1
387,1778,906,872,334,0,0,963,575,388,566,390,176,342,6
1491,6770,3444,3326,1364,1728,0,2873,1818,1055,2093,1562,531,691,87
169,812,424,388,175,531,0,349,232,117,316,181,135,166,0
311,1409,730,679,251,169,0,710,445,265,412,300,112,207,0
306,1175,616,559,178,346,0,654,387,267,538,309,229,91,3
296,1133,608,525,163,19,0,804,458,346,341,256,85,20,2
139,557,294,263,100,40,3,264,179,85,273,144,129,144,1
428,1583,812,771,235,136,0,967,548,419,468,387,81,109,1
1091,4515,2379,2136,632,322,0,2465,1480,985,1575,1183,392,726,16
183,794,388,406,158,0,0,360,192,168,344,224,120,270,0
97,463,232,231,96,0,0,229,150,79,138,121,17,81,0
611,2590,1318,1272,406,192,0,1392,827,565,710,653,57,393,0
1861,8278,4324,3954,1416,1616,20,4356,2721,1635,2820,2167,653,723,17
1027,4390,2283,2107,866,714,21,1426,966,460,2272,1377,895,1724,2
1312,5558,2879,2679,924,91,0,2727,1693,1034,1964,1461,503,868,92
408,1786,945,841,333,158,0,706,500,206,801,443,358,129,0
2953,12647,6647,6000,2049,1001,0,6706,4133,2573,4944,3489,1455,1262,412
75,346,172,174,96,340,0,87,56,31,163,78,85,0,0
66,323,176,147,102,0,0,94,68,26,138,68,70,1,0
495,2278,1199,1079,461,194,0,989,621,368,1071,553,518,47,1
1698,8210,4311,3899,1692,1287,7,3677,2373,1304,3335,2031,1304,1907,17
666,3156,1661,1495,652,545,0,1095,746,349,1455,819,636,167,1
508,2213,1115,1098,436,671,1,681,422,259,805,522,283,13,0
529,2407,1259,1148,504,641,0,804,512,292,975,572,403,490,2
198,852,435,417,153,37,0,297,213,84,450,231,219,209,0
791,3067,1568,1499,443,71,0,1813,1060,753,1074,773,301,523,84
188,813,437,376,136,95,0,431,280,151,195,186,9,120,2
95,449,235,214,97,153,0,127,68,59,105,91,14,94,0
1263,5275,2706,2569,875,1028,2,2773,1722,1051,2368,1271,1097,1151,136
1531,6920,3630,3290,1330,1769,1,3255,2187,1068,2772,1823,949,899,174
637,2803,1421,1382,526,513,5,925,594,331,995,661,334,361,3
495,2143,1095,1048,354,63,1,1177,704,473,652,523,129,167,3
169,727,374,353,175,677,0,221,137,84,358,179,179,138,3
2315,11794,6218,5576,2315,2059,4,5252,3392,1860,3712,2832,880,1278,26
814,3687,1949,1738,598,449,1,1749,1067,682,1431,912,519,796,6
80,407,200,207,70,304,0,110,65,45,176,92,84,23,6
710,4028,2100,1928,802,498,0,1393,956,437,1296,998,298,199,13
183,855,440,415,168,77,2,138,88,50,206,194,12,10,0
498,2763,1458,1305,638,719,0,681,499,182,1025,669,356,596,1
1011,5442,2835,2607,1175,393,0,1878,1294,584,2598,1479,1119,555,20
1916,9575,5007,4568,2139,3667,2,3203,2171,1032,3302,2211,1091,1422,4
1315,6455,3405,3050,1305,879,1,2002,1414,588,2990,1756,1234,1637,18
909,4600,2421,2179,975,941,0,1762,1175,587,1866,1168,698,351,62
86,385,187,198,71,132,0,117,72,45,132,98,34,0,0
117,545,288,257,75,292,1,260,181,79,216,129,87,188,0
396,1777,910,867,385,393,0,777,522,255,718,404,314,480,0
1444,6859,3515,3344,1741,558,0,2088,1400,688,2539,1510,1029,1887,3
364,1631,834,797,381,777,0,597,413,184,715,374,341,398,0
345,1807,937,870,483,243,0,645,482,163,658,403,255,370,0
370,1616,880,736,333,539,0,589,409,180,684,390,294,102,5
101,420,217,203,56,0,0,142,88,54,250,125,125,115,0
14,80,35,45,19,0,0,6,5,1,40,16,24,14,0
193,881,465,416,137,7,0,298,193,105,423,224,199,119,0
66,290,154,136,35,95,0,154,105,49,179,97,82,8,0
18,79,43,36,15,0,0,28,24,4,46,24,22,25,0
257,1139,586,553,237,43,0,473,341,132,584,291,293,255,0
60,244,128,116,52,106,1,67,41,26,126,62,64,51,0
329,1563,820,743,299,23,0,620,432,188,545,392,153,257,0
1061,5158,2696,2462,1215,2115,0,2105,1431,674,1920,1075,845,805,222
55,286,153,133,42,27,0,120,78,42,125,68,57,28,0
525,2493,1266,1227,508,1096,2,817,544,273,1120,582,538,144,0
1676,7864,3960,3904,1628,438,0,3503,2162,1341,3055,1789,1266,1140,14
254,1137,590,547,187,64,0,371,261,110,423,284,139,62,0
147,677,353,324,142,201,0,345,211,134,316,162,154,257,0
133,634,320,314,147,13,0,212,136,76,148,138,10,79,0
