No of Households,Total Population Person,Total Population Male,Total Population Female,Population in the age group 0-6 Person,Scheduled Castes population Person,Scheduled Tribes population Person,Literates Population Person,Literates Population Male,Literates Population Female,Total Worker Population Person,Total Worker Population Male,Total Worker Population Female,Main Agricultural Labourers Population Person,Main Household Industries Population Person
16030,78246,40148,38098,15178,9078,29,34397,22341,12056,30913,18887,12026,8874,762
16030,78246,40148,38098,15178,9078,29,34397,22341,12056,30913,18887,12026,8874,762
0,0,0,0,0,0,0,0,0,0,0,0,0,0,0
2760,12420,6451,5969,2292,1983,14,6027,3692,2335,4435,3072,1363,922,43
2518,11581,5888,5693,2275,658,0,5059,3257,1802,4696,2929,1767,1843,112
224,1025,520,505,202,171,1,520,352,168,476,263,213,127,16
372,1736,919,817,332,163,0,811,561,250,689,481,208,111,98
0,0,0,0,0,0,0,0,0,0,0,0,0,0,0
114,528,258,270,78,21,0,237,149,88,229,118,111,185,2
170,817,413,404,172,67,0,258,160,98,270,190,80,238,0
127,647,334,313,142,104,0,185,128,57,212,153,59,99,0
2868,12448,6336,6112,2307,1176,1,5599,3698,1901,4109,2673,1436,1039,19
700,3532,1862,1670,679,928,1,1509,994,515,1498,907,591,522,22
329,1903,980,923,309,95,0,1023,673,350,1053,600,453,360,4
785,4262,2172,2090,944,380,0,2070,1330,740,1835,991,844,483,27
1647,8667,4425,4242,1738,974,5,3127,2078,1049,3819,2154,1665,1081,85
46,193,110,83,47,0,0,109,72,37,52,47,5,0,2
120,658,334,324,127,98,0,139,102,37,173,148,25,27,0
47,310,143,167,54,118,0,114,92,22,179,88,91,58,2
1037,5879,3010,2869,1223,398,0,2384,1635,749,2432,1370,1062,439,133
80,420,225,195,78,80,0,231,152,79,216,114,102,85,2
206,1229,645,584,220,636,0,641,421,220,516,273,243,27,20
473,2742,1411,1331,547,583,0,1107,708,399,1209,628,581,14,9
682,3745,1934,1811,782,169,7,1754,1114,640,1763,921,842,937,152
725,3504,1778,1726,630,276,0,1493,973,520,1052,767,285,277,14
36097,182075,94277,87798,38362,35834,428,81567,49632,31935,60226,42973,17253,21375,512
36097,182075,94277,87798,38362,35834,428,81567,49632,31935,60226,42973,17253,21375,512
0,0,0,0,0,0,0,0,0,0,0,0,0,0,0
1610,7688,4051,3637,1410,1272,3,4599,2682,1917,2381,1826,555,662,5
759,3878,2018,1860,800,1036,0,1973,1200,773,1141,804,337,189,8
102,481,255,226,85,2,0,229,145,84,214,115,99,13,0
341,1649,865,784,329,235,0,803,497,306,524,444,80,153,18
1137,5143,2728,2415,880,1825,47,2770,1716,1054,1456,1191,265,507,13
4,20,9,11,4,0,0,8,2,6,4,4,0,0,0
364,1751,921,830,352,254,0,726,461,265,615,421,194,287,0
271,1371,699,672,324,466,11,701,395,306,522,315,207,136,12
132,632,342,290,101,142,0,415,261,154,178,163,15,106,2
195,1196,614,582,231,171,0,523,345,178,336,300,36,168,2
369,2099,1117,982,411,455,0,1070,697,373,688,551,137,269,3
15,80,42,38,16,0,0,27,21,6,51,34,17,34,0
71,374,188,186,75,0,0,185,108,77,184,93,91,70,0
0,0,0,0,0,0,0,0,0,0,0,0,0,0,0
106,697,372,325,119,145,0,193,115,78,208,192,16,105,0
41,218,113,105,42,19,0,103,69,34,55,46,9,10,3
0,0,0,0,0,0,0,0,0,0,0,0,0,0,0
478,2545,1326,1219,479,961,0,942,641,301,913,644,269,18,3
98,816,427,389,116,295,0,486,284,202,279,199,80,91,0
68,296,179,117,61,11,0,131,98,33,153,80,73,6,0
12,52,26,26,18,24,0,17,12,5,25,13,12,5,0
58,284,153,131,72,253,0,54,40,14,108,63,45,27,0
0,0,0,0,0,0,0,0,0,0,0,0,0,0,0
0,0,0,0,0,0,0,0,0,0,0,0,0,0,0
2,5,4,1,2,2,0,0,0,0,3,2,1,2,0
394,2145,1169,976,414,551,1,1070,696,374,594,545,49,176,4
743,4237,2188,2049,858,671,2,2078,1285,793,1907,1015,892,589,2
1005,4787,2523,2264,948,883,2,2490,1524,966,1850,1206,644,506,5
224,963,491,472,166,404,0,534,327,207,413,246,167,220,3
135,670,359,311,100,83,0,396,252,144,198,188,10,79,1
181,802,409,393,125,87,0,543,309,234,261,192,69,192,4
858,4036,2124,1912,819,300,0,1841,1188,653,1510,1006,504,772,13
519,2232,1174,1058,420,564,9,917,601,316,608,559,49,18,6
510,2695,1378,1317,552,746,0,1180,749,431,899,686,213,602,0
510,2805,1428,1377,563,896,11,1117,708,409,903,684,219,667,4
491,2313,1235,1078,391,347,0,921,596,325,626,554,72,454,4
1246,6971,3622,3349,1706,1521,83,2252,1376,876,2371,1580,791,848,13
589,2643,1391,1252,499,140,0,1298,793,505,698,627,71,259,0
1121,5118,2671,2447,915,1024,0,2629,1606,1023,1853,1310,543,710,32
205,918,488,430,175,205,0,445,282,163,250,237,13,106,2
496,2207,1131,1076,598,120,1,728,430,298,697,502,195,372,0
231,1105,591,514,199,491,0,581,329,252,477,266,211,183,0
866,4623,2341,2282,988,994,5,2108,1173,935,1795,1074,721,184,4
160,795,415,380,179,0,0,260,143,117,329,187,142,12,1
1104,5905,2949,2956,1359,410,0,2336,1334,1002,1713,1284,429,483,5
538,2738,1432,1306,624,181,0,958,591,367,721,666,55,460,1
910,4244,2219,2025,810,1087,7,2212,1338,874,1419,1054,365,378,0
726,3076,1566,1510,538,483,4,1422,878,544,1185,783,402,641,18
0,0,0,0,0,0,0,0,0,0,0,0,0,0,0
173,845,425,420,171,0,0,154,104,50,216,145,71,149,0
777,4046,2088,1958,1051,5,0,1267,730,537,1001,872,129,272,1
723,3616,1860,1756,844,659,11,1371,877,494,1074,826,248,88,1
61,303,167,136,63,0,0,171,110,61,124,65,59,76,0
80,422,194,228,106,0,0,188,96,92,84,72,12,16,0
103,568,282,286,124,0,0,250,157,93,239,125,114,171,1
357,1791,940,851,346,0,0,960,660,300,620,411,209,331,2
458,2110,1102,1008,400,382,0,975,638,337,535,497,38,236,1
430,2268,1161,1107,479,765,1,1117,670,447,633,520,113,278,8
1057,4774,2417,2357,939,1528,0,2189,1401,788,1779,1187,592,1036,14
699,3489,1802,1687,614,388,0,1975,1199,776,1266,913,353,283,28
414,1959,1037,922,413,666,151,871,536,335,541,486,55,190,2
250,1085,545,540,261,0,0,256,171,85,490,278,212,214,0
40,179,85,94,27,0,0,117,65,52,50,40,10,3,0
630,3216,1621,1595,657,759,0,1329,801,528,1271,712,559,169,0
1016,4853,2541,2312,912,2222,12,2348,1431,917,2322,1338,984,502,23
114,601,297,304,107,0,0,223,136,87,228,147,81,127,0
222,969,506,463,205,365,0,567,331,236,344,233,111,4,2
55,274,148,126,56,39,0,128,82,46,129,82,47,0,0
206,1153,586,567,202,264,0,704,394,310,428,276,152,103,6
113,577,298,279,112,307,14,303,186,117,197,131,66,3,3
258,1421,722,699,343,1057,19,446,315,131,402,312,90,156,0
167,741,373,368,147,49,0,346,218,128,221,184,37,121,0
334,1597,852,745,348,529,1,784,499,285,592,432,160,48,0
706,3858,1923,1935,856,741,0,1683,959,724,1263,879,384,526,2
183,823,420,403,161,298,0,378,227,151,401,208,193,58,39
658,3613,1861,1752,943,928,6,1529,912,617,952,765,187,296,0
538,3151,1599,1552,869,0,0,1336,770,566,825,626,199,300,2
752,4065,2110,1955,995,802,6,1482,851,631,1112,843,269,526,4
947,5396,2803,2593,1286,86,0,2164,1258,906,1351,1151,200,574,27
211,1243,629,614,328,0,0,602,354,248,299,280,19,45,0
0,0,0,0,0,0,0,0,0,0,0,0,0,0,0
201,1103,573,530,288,0,0,404,219,185,332,230,102,4,2
181,958,471,487,201,855,1,321,204,117,330,206,124,142,0
56,330,165,165,93,170,0,81,45,36,133,81,52,15,0
122,800,401,399,226,0,0,302,160,142,284,160,124,114,1
397,2160,1123,1037,509,0,0,848,503,345,738,433,305,533,25
393,2241,1132,1109,581,0,0,884,519,365,657,484,173,308,17
573,3439,1778,1661,843,0,0,1437,820,617,1182,753,429,482,106
58,255,138,117,65,4,0,113,75,38,79,71,8,38,0
0,0,0,0,0,0,0,0,0,0,0,0,0,0,0
770,3694,1883,1811,790,1165,1,1549,942,607,1066,873,193,807,3
105,443,233,210,81,415,9,67,42,25,124,108,16,100,1
362,1695,910,785,359,620,10,776,464,312,733,418,315,93,0
152,648,333,315,88,10,0,301,204,97,264,169,95,69,0
57430,286456,148676,137780,58388,54770,3871,132193,82429,49764,112993,70778,42215,48418,1394
57430,286456,148676,137780,58388,54770,3871,132193,82429,49764,112993,70778,42215,48418,1394
0,0,0,0,0,0,0,0,0,0,0,0,0,0,0
412,1778,926,852,420,577,5,575,395,180,779,454,325,4,0
97,379,207,172,78,210,0,168,115,53,194,98,96,0,0
1068,4412,2298,2114,694,577,4,2913,1684,1229,1520,1137,383,233,5
507,2558,1326,1232,509,1507,0,1066,709,357,1060,617,443,19,0
208,901,456,445,160,106,0,386,233,153,173,158,15,10,0
752,3305,1725,1580,618,1341,0,1436,935,501,1367,821,546,457,0
361,1892,966,926,425,149,0,499,318,181,663,436,227,576,0
408,1976,1040,936,346,679,1,799,523,276,782,460,322,542,7
298,1347,689,658,309,0,0,667,414,253,582,356,226,142,1
815,4104,2108,1996,1011,950,0,1737,1079,658,1532,961,571,195,3
936,4415,2288,2127,790,514,1,2067,1301,766,1581,1158,423,3,6
1242,5870,3083,2787,1090,614,110,3104,1963,1141,2487,1423,1064,345,2
755,4086,2139,1947,825,269,269,2084,1303,781,1893,976,917,697,5
676,3673,1899,1774,744,1260,26,1543,994,549,1561,894,667,935,6
2282,11338,5886,5452,2485,1071,19,4482,2967,1515,5027,2784,2243,2525,164
690,3373,1765,1608,801,105,0,1379,895,484,1332,836,496,451,4
573,2750,1430,1320,597,657,0,1147,718,429,1034,658,376,845,1
98,423,223,200,75,142,0,194,119,75,119,107,12,68,0
1755,8386,4388,3998,1747,1080,5,3677,2345,1332,3671,2214,1457,1057,11
706,3321,1725,1596,695,389,189,1348,804,544,1481,826,655,330,1
331,1498,767,731,272,154,335,921,560,361,716,375,341,281,0
1846,8805,4527,4278,1835,971,0,3821,2308,1513,3567,2159,1408,1880,25
110,540,295,245,91,0,0,249,150,99,217,136,81,160,0
1888,8719,4484,4235,1753,3549,469,3160,2017,1143,3692,2204,1488,2068,10
1196,5779,3002,2777,1166,344,402,2902,1745,1157,2081,1302,779,1160,5
752,4033,2075,1958,872,343,8,1803,1179,624,1446,941,505,563,106
669,3283,1694,1589,670,473,38,1231,783,448,1408,819,589,1101,49
1291,6648,3452,3196,1550,962,78,2845,1761,1084,2012,1468,544,1037,11
345,1644,875,769,401,267,0,583,387,196,669,396,273,373,2
1560,7849,4029,3820,1636,288,0,3574,2224,1350,2967,1838,1129,1090,52
1162,5537,2880,2657,1084,98,0,2740,1689,1051,2160,1304,856,1442,56
937,4501,2339,2162,887,1385,0,2097,1362,735,1714,1094,620,925,46
1530,8765,4415,4350,1918,416,0,3362,2105,1257,3696,2221,1475,1340,15
1401,7115,3638,3477,1427,607,0,3325,2088,1237,2737,1651,1086,839,10
675,3016,1586,1430,549,142,37,1490,951,539,1498,781,717,227,3
2379,11434,6044,5390,2228,1914,44,6190,3689,2501,3570,2629,941,1647,178
242,1263,672,591,285,0,0,641,394,247,421,315,106,317,0
648,3718,1918,1800,850,700,0,1582,995,587,1281,872,409,468,1
477,2499,1285,1214,545,419,0,1380,812,568,902,574,328,763,1
431,2125,1112,1013,368,380,0,1353,810,543,540,508,32,201,1
402,1697,904,793,332,198,0,813,520,293,438,426,12,120,2
2276,11215,5882,5333,2209,2295,120,5300,3344,1956,5473,3151,2322,2735,161
1804,8382,4265,4117,1605,1680,3,4189,2573,1616,2770,1978,792,1116,192
736,3508,1845,1663,604,316,2,1870,1140,730,1603,849,754,1029,43
3512,17474,8959,8515,3344,3000,83,8411,5159,3252,6703,4411,2292,3939,36
0,0,0,0,0,0,0,0,0,0,0,0,0,0,0
1743,9440,4949,4491,1912,3719,0,5089,3022,2067,4257,2492,1765,1785,6
700,3031,1587,1444,604,294,0,1777,1067,710,906,710,196,174,1
0,0,0,0,0,0,0,0,0,0,0,0,0,0,0
1648,7892,4127,3765,1642,1116,166,4016,2470,1546,3193,1995,1198,1638,22
826,4000,2128,1872,820,0,0,1837,1206,631,1442,935,507,505,7
496,2504,1292,1212,522,0,0,879,545,334,1075,602,473,135,0
467,2395,1259,1136,574,62,1,1011,658,353,891,556,335,460,46
133,561,283,278,134,330,0,183,145,38,306,161,145,102,1
579,3478,1739,1739,805,215,3,1256,792,464,1296,812,484,189,6
1651,8981,4762,4219,1953,3971,312,3916,2482,1434,3790,2376,1414,2053,16
208,978,531,447,130,0,0,777,436,341,276,262,14,80,5
369,1897,961,936,451,187,1,924,524,400,660,465,195,74,0
335,1675,887,788,391,188,0,691,429,262,793,445,348,284,0
693,3795,1948,1847,657,886,22,2073,1222,851,1590,923,667,448,2
1095,6112,3212,2900,1204,2481,574,3162,1965,1197,2900,1566,1334,1164,16
1103,6700,3485,3215,1245,2894,6,2694,1807,887,2878,1745,1133,1113,23
374,1978,1029,949,383,230,537,757,489,268,522,482,40,443,1
0,0,0,0,0,0,0,0,0,0,0,0,0,0,0
0,0,0,0,0,0,0,0,0,0,0,0,0,0,0
1771,9705,4986,4719,2061,5099,1,4048,2611,1437,3099,2475,624,1516,21
21697,106884,55458,51426,21204,15131,831,49326,30449,18877,41375,26317,15058,14675,654
21697,106884,55458,51426,21204,15131,831,49326,30449,18877,41375,26317,15058,14675,654
0,0,0,0,0,0,0,0,0,0,0,0,0,0,0
305,1232,643,589,243,19,1,495,340,155,653,332,321,155,1
2248,11417,5867,5550,2195,963,0,5411,3319,2092,4545,2780,1765,2025,18
1600,7788,3992,3796,1437,2332,20,3364,2102,1262,3121,1946,1175,997,59
29,162,80,82,37,0,0,75,45,30,81,38,43,38,0
5103,25760,13430,12330,5012,2727,159,11376,7224,4152,10287,6514,3773,3635,155
194,1057,530,527,238,378,2,376,228,148,404,265,139,135,5
1968,9332,4911,4421,1960,1844,3,4691,2920,1771,3562,2256,1306,721,8
5347,25743,13455,12288,5144,1852,17,12542,7700,4842,9650,6481,3169,3468,115
0,0,0,0,0,0,0,0,0,0,0,0,0,0,0
2182,10219,5229,4990,2027,2302,619,4149,2520,1629,3666,2398,1268,1735,32
1262,6791,3438,3353,1538,1179,0,3159,1790,1369,2500,1480,1020,968,197
949,4901,2620,2281,926,1158,10,2283,1424,859,2067,1253,814,565,63
510,2482,1263,1219,447,377,0,1405,837,568,839,574,265,233,1
41516,215643,111153,104490,43846,32229,182,100401,62460,37941,84284,53366,30918,22925,973
41516,215643,111153,104490,43846,32229,182,100401,62460,37941,84284,53366,30918,22925,973
0,0,0,0,0,0,0,0,0,0,0,0,0,0,0
757,3505,1776,1729,687,724,0,1640,1042,598,1533,909,624,192,1
97,402,208,194,90,0,0,180,117,63,204,105,99,2,0
134,574,305,269,89,0,0,379,223,156,285,142,143,0,0
434,2159,1127,1032,387,608,0,1091,701,390,836,554,282,584,0
453,2035,1049,986,369,46,1,1206,695,511,666,460,206,134,26
1415,7111,3630,3481,1425,1593,0,3267,1977,1290,2837,1819,1018,866,54
623,2805,1479,1326,549,477,0,1275,850,425,1132,753,379,147,0
46,271,144,127,52,3,0,144,90,54,119,68,51,27,0
389,2187,1113,1074,440,481,0,801,500,301,1082,574,508,100,1
1850,9862,5129,4733,1789,2262,1,4789,2988,1801,4899,2604,2295,822,19
965,4643,2432,2211,876,149,0,2098,1289,809,2251,1308,943,288,4
439,2138,1066,1072,479,0,0,905,586,319,887,519,368,33,1
623,3297,1672,1625,701,506,0,1576,1010,566,1065,771,294,266,1
174,1025,520,505,220,60,42,296,190,106,367,269,98,148,9
1375,6967,3567,3400,1495,1192,10,3320,2186,1134,2772,1716,1056,2156,68
705,3901,2042,1859,849,903,1,1225,854,371,2090,1073,1017,389,5
2192,11486,5998,5488,2401,1610,15,5388,3486,1902,4456,2852,1604,1326,6
579,2635,1318,1317,505,541,4,1224,786,438,1314,671,643,575,10
530,3084,1587,1497,623,665,0,1486,925,561,1268,796,472,83,2
2171,11243,5711,5532,2268,1947,1,5370,3335,2035,4657,2613,2044,2214,66
973,4895,2533,2362,1051,309,1,2286,1419,867,1873,1176,697,1043,9
462,2492,1296,1196,557,665,1,1045,690,355,1122,616,506,444,4
207,841,433,408,189,293,0,375,212,163,374,203,171,2,2
569,3095,1573,1522,662,365,0,1258,789,469,1329,761,568,372,0
382,2176,1096,1080,439,416,0,1012,654,358,770,543,227,337,29
295,1472,775,697,284,60,0,699,462,237,404,374,30,16,0
913,5092,2679,2413,936,449,0,2668,1708,960,2115,1288,827,823,31
213,1087,551,536,250,0,0,650,392,258,453,265,188,27,8
1137,6358,3314,3044,1365,333,0,2559,1697,862,2726,1614,1112,756,15
2233,11415,5949,5466,2185,1654,11,6403,3781,2622,3507,2745,762,875,66
696,3551,1860,1691,658,382,0,2135,1265,870,1178,899,279,279,9
927,4468,2319,2149,846,1150,5,2366,1382,984,1210,1044,166,254,62
724,3834,2006,1828,821,886,0,1696,1039,657,1185,929,256,212,29
459,2403,1237,1166,570,372,0,1059,692,367,740,551,189,173,8
495,2317,1207,1110,512,550,0,779,513,266,1052,584,468,336,8
429,2338,1229,1109,511,497,3,1113,672,441,668,547,121,183,10
186,1043,571,472,193,181,0,505,277,228,262,225,37,91,7
1819,9534,4917,4617,1972,921,5,4553,2807,1746,3409,2346,1063,1047,5
413,2156,1151,1005,443,634,1,895,568,327,639,476,163,29,16
2665,13417,6862,6555,2808,2237,53,6112,3644,2468,4737,3171,1566,805,227
1975,10184,5187,4997,2034,1597,13,4831,2905,1926,3726,2524,1202,621,46
422,2443,1240,1203,493,19,0,1133,722,411,952,570,382,208,2
276,1360,688,672,263,6,0,658,412,246,686,356,330,184,1
437,2422,1242,1180,550,37,0,1236,761,475,1233,632,601,362,4
643,3715,1887,1828,830,369,6,1636,982,654,1805,937,868,156,3
534,2640,1390,1250,518,595,0,1011,649,362,1218,708,510,369,40
179,988,500,488,224,693,2,319,206,113,370,228,142,109,3
219,1121,565,556,212,45,0,524,294,230,618,312,306,99,0
42,213,103,110,48,173,0,65,39,26,104,51,53,31,1
387,1875,963,912,346,150,0,821,535,286,880,477,403,150,0
192,960,499,461,154,18,2,557,327,230,246,218,28,44,5
200,948,496,452,188,271,0,480,319,161,259,229,30,4,0
204,1163,596,567,222,9,0,454,302,152,560,291,269,114,2
1905,9949,5013,4936,2114,1608,3,4101,2541,1560,3551,2365,1186,773,39
243,1473,775,698,310,85,0,570,355,215,440,357,83,207,0
254,1431,757,674,292,0,0,696,462,234,617,387,230,66,3
809,5095,2598,2497,1013,249,0,2340,1428,912,1465,1205,260,806,2
447,2349,1223,1126,489,184,1,1141,728,413,1081,586,495,166,4
22626,122772,63268,59504,23815,17369,68,57545,36368,21177,49824,30058,19766,15663,777
22626,122772,63268,59504,23815,17369,68,57545,36368,21177,49824,30058,19766,15663,777
0,0,0,0,0,0,0,0,0,0,0,0,0,0,0
219,1197,631,566,227,18,0,646,377,269,447,308,139,78,0
49,333,171,162,74,74,0,217,121,96,127,79,48,0,0
28,125,62,63,28,0,0,79,37,42,60,28,32,0,0
232,1058,538,520,230,157,0,324,234,90,606,349,257,56,3
54,280,153,127,42,116,0,155,107,48,131,78,53,9,1
32,128,67,61,22,0,0,89,45,44,69,38,31,1,0
106,575,289,286,99,52,0,357,211,146,172,135,37,55,0
593,3256,1713,1543,644,626,1,1498,934,564,1421,786,635,146,1
386,2013,1051,962,298,228,0,1187,730,457,641,546,95,239,2
27,161,88,73,27,0,0,93,60,33,42,41,1,0,0
330,1774,907,867,319,168,1,860,534,326,543,393,150,232,51
143,832,456,376,157,82,0,471,312,159,298,201,97,13,2
413,2305,1200,1105,447,176,0,1079,716,363,1061,592,469,769,12
1929,10865,5568,5297,2513,140,1,4290,2760,1530,3932,2565,1367,1085,21
2047,11009,5623,5386,2232,1085,0,4394,2962,1432,4941,2763,2178,1695,7
559,3382,1771,1611,707,336,0,1572,956,616,1378,801,577,435,5
560,3225,1690,1535,503,171,0,2081,1201,880,1153,756,397,497,7
137,752,396,356,91,151,0,383,272,111,185,174,11,1,0
431,2092,1125,967,376,586,0,891,595,296,1133,587,546,166,105
380,1700,878,822,328,470,0,992,609,383,858,455,403,342,1
434,2232,1154,1078,429,989,0,871,544,327,881,522,359,473,2
206,1191,604,587,211,2,0,647,409,238,603,315,288,56,4
631,3105,1564,1541,709,776,1,1388,871,517,1263,758,505,285,5
142,820,433,387,158,89,0,447,281,166,341,174,167,298,0
127,661,341,320,114,39,0,355,219,136,301,154,147,113,3
260,1353,724,629,260,258,0,683,443,240,491,294,197,235,10
641,3539,1850,1689,694,407,0,1768,1058,710,1489,862,627,192,27
590,3119,1615,1504,563,657,10,1524,975,549,1213,785,428,532,13
1159,6572,3360,3212,1289,937,0,3061,1895,1166,2960,1665,1295,1009,91
742,4160,2116,2044,805,771,1,1911,1157,754,2230,1151,1079,687,238
1366,7594,3893,3701,1559,872,4,2976,1925,1051,3088,1799,1289,1574,25
977,5491,2828,2663,1119,1561,6,2436,1571,865,2467,1326,1141,902,12
1385,7324,3742,3582,1252,1385,0,3299,2075,1224,2801,1872,929,1406,19
125,731,364,367,130,172,0,398,237,161,178,162,16,15,9
193,994,499,495,201,122,0,477,298,179,288,244,44,77,9
1793,10161,5269,4892,1925,1094,40,4960,3220,1740,3380,2406,974,571,50
224,1279,649,630,255,479,0,631,398,233,356,249,107,84,0
1593,8186,4185,4001,1515,1394,3,4002,2527,1475,3558,1932,1626,815,23
1383,7198,3701,3497,1263,729,0,4053,2492,1561,2738,1713,1025,520,19
34945,167669,86714,80955,32902,19719,531,75138,48869,26269,73093,42616,30477,16888,824
34945,167669,86714,80955,32902,19719,531,75138,48869,26269,73093,42616,30477,16888,824
0,0,0,0,0,0,0,0,0,0,0,0,0,0,0
2590,12677,6543,6134,2402,1602,0,5085,3348,1737,6466,3372,3094,1520,53
234,964,511,453,222,259,2,373,264,109,476,257,219,109,1
24,95,53,42,17,32,0,52,34,18,61,33,28,22,0
151,895,457,438,171,40,0,392,270,122,418,214,204,90,1
1572,8004,4099,3905,1424,1090,131,3926,2572,1354,4002,2164,1838,222,193
1337,6472,3359,3113,1192,302,0,2662,1829,833,3138,1649,1489,105,0
381,1719,896,823,291,183,0,750,505,245,981,505,476,83,6
172,926,481,445,165,49,0,348,222,126,506,259,247,30,0
663,3293,1725,1568,654,28,0,1157,815,342,1403,844,559,106,13
409,1751,911,840,295,134,7,994,559,435,629,470,159,142,1
1029,4702,2470,2232,731,426,2,2559,1579,980,2476,1286,1190,703,17
942,3936,2040,1896,682,418,0,1874,1243,631,1511,1005,506,877,13
393,1954,985,969,350,0,0,1143,679,464,753,463,290,4,0
848,4036,2057,1979,803,399,0,1827,1236,591,1505,901,604,809,19
97,560,267,293,109,0,0,299,202,97,137,106,31,0,0
495,2630,1336,1294,611,273,0,1298,777,521,961,617,344,555,4
642,3401,1701,1700,752,68,0,1583,973,610,1732,883,849,739,0
1007,4915,2537,2378,949,763,0,2639,1686,953,2087,1166,921,235,7
321,1779,905,874,367,0,0,892,532,360,646,409,237,182,10
2709,12846,6685,6161,2554,1087,0,6443,4028,2415,4521,3068,1453,849,66
185,821,430,391,188,0,0,316,236,80,254,197,57,47,1
3695,18988,9802,9186,3966,2141,20,8621,5591,3030,7673,4598,3075,1221,86
2465,11888,6121,5767,2379,1900,3,4859,3168,1691,5992,3314,2678,1076,141
1515,7500,3891,3609,1574,622,5,3761,2359,1402,2871,1886,985,1018,12
1080,5226,2713,2513,954,1087,1,2725,1701,1024,1997,1261,736,217,10
2234,10757,5560,5197,2145,2318,318,4102,2789,1313,4595,2748,1847,1518,75
452,1978,1036,942,382,82,1,891,605,286,1030,542,488,338,1
214,940,494,446,195,106,3,497,317,180,226,187,39,56,2
82,342,166,176,71,7,0,85,62,23,94,85,9,23,1
360,1522,784,738,327,156,0,693,487,206,640,367,273,94,32
982,4426,2282,2144,934,812,0,1326,858,468,1945,1033,912,402,7
494,2142,1132,1010,506,481,9,698,496,202,929,521,408,129,4
736,3121,1647,1474,724,1215,0,1475,982,493,1280,764,516,233,3
182,802,433,369,146,62,0,411,282,129,274,215,59,17,0
841,3814,1982,1832,642,254,0,1869,1196,673,1519,954,565,395,20
204,1225,655,570,332,11,0,440,322,118,561,298,263,82,1
688,2779,1474,1305,430,323,1,1258,855,403,1227,748,479,147,6
76,313,158,155,57,65,1,150,98,52,153,74,79,1,0
206,1081,559,522,244,78,0,540,329,211,407,255,152,98,0
137,617,325,292,117,13,0,322,235,87,264,176,88,108,0
473,2323,1169,1154,461,106,0,1091,695,396,954,537,417,275,5
307,1315,666,649,295,271,0,515,372,143,592,329,263,183,0
684,3431,1797,1634,630,304,27,1052,715,337,1839,1037,802,1092,10
637,2763,1420,1343,462,152,0,1145,766,379,1368,819,549,736,3
29560,145136,74701,70435,29509,15872,215,62708,41239,21469,57994,34308,23686,14780,381
29560,145136,74701,70435,29509,15872,215,62708,41239,21469,57994,34308,23686,14780,381
0,0,0,0,0,0,0,0,0,0,0,0,0,0,0
1052,5336,2713,2623,1234,292,0,2285,1554,731,1930,1212,718,389,2
1247,6156,3170,2986,1229,268,9,2973,1897,1076,2226,1463,763,444,12
424,2076,1078,998,408,277,0,725,537,188,846,500,346,82,7
557,3113,1576,1537,548,282,1,1371,932,439,1433,776,657,264,0
52,270,132,138,75,0,0,100,50,50,59,55,4,47,0
591,2840,1482,1358,604,174,0,1012,737,275,1358,687,671,360,7
1649,8207,4217,3990,1840,1575,152,3431,2250,1181,2786,1815,971,1086,4
1202,5921,3057,2864,1148,449,5,2789,1813,976,2289,1446,843,1205,10
107,569,291,278,76,0,0,272,157,115,256,134,122,1,2
409,2324,1213,1111,433,110,2,1107,775,332,1133,574,559,62,2
500,2645,1370,1275,586,228,0,1196,776,420,979,620,359,348,2
518,2271,1166,1105,458,632,1,1011,671,340,1127,577,550,201,5
561,2450,1288,1162,410,301,0,1257,867,390,1121,565,556,184,1
1768,7986,4182,3804,1535,532,0,4244,2784,1460,3304,1897,1407,570,7
102,427,225,202,77,222,0,204,126,78,201,108,93,0,0
491,2407,1258,1149,535,263,0,971,673,298,1040,597,443,378,2
79,462,240,222,93,0,0,168,115,53,219,99,120,0,0
1915,10426,5381,5045,1981,406,3,5132,3252,1880,4743,2478,2265,1187,90
498,2296,1133,1163,484,144,1,973,637,336,802,521,281,150,5
1100,5005,2603,2402,982,694,20,2331,1474,857,1989,1157,832,378,0
42,190,114,76,36,13,0,70,55,15,49,47,2,5,0
1665,7942,4147,3795,1546,850,1,3352,2171,1181,3850,2123,1727,752,15
464,2266,1181,1085,497,643,0,778,531,247,1057,550,507,124,0
2812,14415,7304,7111,3078,2476,8,5792,3859,1933,5566,3244,2322,1574,69
287,1269,661,608,255,262,0,451,311,140,605,312,293,1,0
140,592,307,285,109,0,0,289,196,93,277,138,139,0,0
82,363,171,192,94,0,0,207,99,108,87,82,5,76,0
683,3620,1855,1765,805,131,0,1513,1011,502,1662,847,815,108,0
963,4619,2387,2232,910,317,0,2261,1407,854,2000,1099,901,622,31
4154,19386,9836,9550,4065,2296,6,7953,5052,2901,5703,4379,1324,2075,66
456,2411,1275,1136,470,135,0,1205,795,410,980,545,435,155,6
138,587,305,282,80,60,0,395,226,169,160,153,7,40,2
0,0,0,0,0,0,0,0,0,0,0,0,0,0,0
136,520,266,254,97,137,0,205,140,65,134,130,4,111,4
723,3627,1871,1756,787,425,5,910,627,283,1584,950,634,471,5
800,4193,2182,2011,792,358,0,1609,1182,427,1934,1015,919,583,14
368,1873,976,897,394,261,0,838,564,274,733,448,285,475,6
825,4076,2088,1988,758,659,1,1328,936,392,1772,965,807,272,5
60194,294761,153392,141369,56951,44375,1189,135811,85305,50506,110615,72546,38069,24273,1398
60194,294761,153392,141369,56951,44375,1189,135811,85305,50506,110615,72546,38069,24273,1398
0,0,0,0,0,0,0,0,0,0,0,0,0,0,0
83,424,207,217,80,11,0,225,138,87,118,113,5,40,0
82,394,206,188,58,0,0,112,80,32,176,88,88,1,0
430,2045,1108,937,454,240,0,1152,685,467,923,493,430,376,1
480,2822,1415,1407,507,209,6,1129,655,474,1299,663,636,379,4
1427,8045,4142,3903,1704,1579,250,3083,1963,1120,2874,1884,990,311,5
905,4630,2379,2251,987,739,13,2448,1524,924,1362,1083,279,93,6
382,1558,807,751,243,429,3,1027,601,426,503,368,135,99,3
477,2372,1244,1128,459,98,271,975,634,341,930,615,315,320,22
1126,5217,2719,2498,1142,1255,1,2277,1418,859,1420,1167,253,243,9
205,1198,625,573,223,56,0,594,401,193,472,314,158,112,21
627,2798,1469,1329,441,677,3,1692,1054,638,1072,671,401,617,1
581,2688,1418,1270,548,741,1,1403,827,576,786,615,171,88,2
326,1475,746,729,360,266,0,694,427,267,399,297,102,1,0
472,2245,1174,1071,526,88,0,979,598,381,748,499,249,61,5
325,1587,832,755,278,20,0,787,513,274,408,355,53,235,5
200,1065,542,523,167,230,0,662,395,267,516,281,235,63,0
97,508,259,249,133,329,0,175,112,63,295,155,140,61,10
67,295,157,138,61,170,0,150,86,64,130,77,53,15,0
328,1662,896,766,292,76,1,717,472,245,793,408,385,19,1
315,1326,684,642,257,234,0,585,389,196,639,354,285,97,0
706,3292,1686,1606,685,572,0,1528,974,554,1208,805,403,67,114
800,3862,2013,1849,836,308,0,1553,974,579,1502,967,535,5,0
186,873,442,431,170,393,1,460,278,182,202,202,0,0,0
2375,10686,5594,5092,1954,1415,5,4992,3256,1736,3251,2569,682,636,6
1987,10269,5456,4813,2182,1601,4,4213,2842,1371,4309,2622,1687,478,18
747,3578,1822,1756,825,862,37,1514,952,562,1595,890,705,706,8
121,563,294,269,133,93,0,232,158,74,161,125,36,0,2
507,2115,1129,986,408,379,4,1126,720,406,811,512,299,313,63
912,4349,2263,2086,1031,367,0,1694,1109,585,1240,994,246,410,13
444,2164,1089,1075,439,297,0,1093,692,401,942,545,397,199,11
432,2200,1139,1061,488,463,0,1045,654,391,700,557,143,145,1
822,3707,1957,1750,760,841,0,1749,1071,678,1564,942,622,113,11
510,2299,1200,1099,464,323,0,1110,684,426,822,533,289,167,6
79,497,252,245,100,0,0,199,133,66,280,140,140,103,12
167,918,488,430,151,37,0,499,308,191,378,252,126,76,2
438,2177,1128,1049,448,335,0,1131,672,459,498,470,28,4,5
723,3703,1850,1853,717,110,0,1595,956,639,1728,900,828,194,14
185,843,440,403,178,149,0,360,215,145,214,205,9,148,0
1105,5514,2846,2668,1142,695,2,2553,1580,973,1645,1316,329,457,25
619,2908,1520,1388,622,334,0,1399,828,571,1017,680,337,18,0
1093,4861,2542,2319,702,1134,2,3193,1866,1327,1642,1210,432,206,10
1483,7055,3658,3397,1380,621,325,3020,1939,1081,2610,1670,940,569,9
0,0,0,0,0,0,0,0,0,0,0,0,0,0,0
2324,10281,5167,5114,1872,1143,4,5180,3068,2112,3263,2302,961,521,40
992,5228,2694,2534,966,471,1,2962,1776,1186,1391,1233,158,186,15
300,1784,911,873,340,85,0,890,552,338,612,419,193,252,20
218,887,474,413,134,279,0,509,317,192,345,224,121,48,2
272,1255,652,603,215,291,1,745,434,311,583,300,283,27,13
2765,12258,6353,5905,2380,2112,5,5724,3587,2137,4252,3032,1220,789,16
0,0,0,0,0,0,0,0,0,0,0,0,0,0,0
147,717,377,340,163,515,0,182,149,33,339,177,162,21,0
295,1437,766,671,289,603,9,363,261,102,525,354,171,195,8
269,1501,808,693,316,341,0,607,390,217,685,342,343,3,0
1612,7821,4064,3757,1341,681,1,4095,2510,1585,2399,1849,550,528,5
128,610,324,286,100,0,0,262,169,93,223,161,62,2,0
769,3951,2081,1870,592,277,1,2543,1474,1069,1061,991,70,235,8
965,4363,2306,2057,917,1233,10,1603,1058,545,1969,1111,858,32,3
141,916,507,409,194,48,2,399,261,138,302,228,74,21,2
1853,8505,4498,4007,1759,1460,35,3841,2394,1447,3173,2125,1048,658,133
2225,11160,5841,5319,1933,745,22,5981,3594,2387,3722,2662,1060,374,48
2155,10689,5628,5061,2183,1227,8,3956,2620,1336,4550,2723,1827,2106,78
1880,10396,5427,4969,1924,1309,0,4176,2721,1455,4912,2809,2103,1608,48
3901,20287,10533,9754,4012,2874,11,7860,5174,2686,8826,5283,3543,2622,75
112,468,239,229,101,217,0,255,167,88,232,113,119,90,95
738,3687,1949,1738,649,1569,14,1406,948,458,1909,989,920,192,23
735,3435,1775,1660,711,968,8,1106,728,378,2125,1097,1028,616,8
426,2487,1290,1197,402,173,0,1167,769,398,1357,714,643,449,125
2078,10072,5268,4804,2040,2373,7,4637,2888,1749,3029,2309,720,1028,27
3124,15633,8067,7566,2703,1366,104,7977,4907,3070,6223,3852,2371,1163,109
27,152,84,68,28,47,0,47,37,10,63,37,26,55,0
302,1472,781,691,233,374,2,767,496,271,668,370,298,35,11
65,345,183,162,49,0,0,104,75,29,98,96,2,15,18
2500,12306,6411,5895,2277,1537,6,5572,3550,2022,4207,2977,1230,964,28
1500,7871,4097,3774,1393,1281,9,3771,2398,1373,3390,2061,1329,1193,15
39878,201399,104247,97152,38096,34692,534,88441,57061,31380,86923,51585,35338,17910,404
39878,201399,104247,97152,38096,34692,534,88441,57061,31380,86923,51585,35338,17910,404
0,0,0,0,0,0,0,0,0,0,0,0,0,0,0
635,3312,1756,1556,509,188,0,1375,971,404,1869,975,894,34,0
591,2737,1455,1282,453,77,0,1235,823,412,1090,741,349,190,0
381,1736,918,818,334,105,0,745,502,243,735,457,278,518,0
1342,6964,3636,3328,1341,816,0,2964,1923,1041,3119,1778,1341,1125,6
1395,6704,3388,3316,1359,2215,0,2296,1492,804,2713,1632,1081,346,13
3061,14596,7567,7029,2766,2524,3,5958,3851,2107,6606,3699,2907,1152,46
302,1648,850,798,268,257,0,747,503,244,839,433,406,52,2
1096,5506,2868,2638,1038,781,1,2323,1527,796,2502,1433,1069,426,7
308,1504,781,723,229,48,0,893,577,316,630,388,242,38,0
1230,6367,3332,3035,1135,1219,11,2352,1574,778,2804,1618,1186,869,11
3660,19490,10056,9434,3902,3936,23,8286,5499,2787,8202,4840,3362,1587,25
1857,9969,5095,4874,1721,802,0,4776,3033,1743,4581,2498,2083,902,11
387,2072,1077,995,358,279,0,931,615,316,865,547,318,447,19
801,3939,2063,1876,691,693,3,1526,1022,504,2030,1062,968,849,1
142,774,393,381,156,0,0,305,190,115,180,169,11,1,1
1427,6817,3481,3336,1276,914,3,3288,2068,1220,2677,1688,989,599,21
1692,8438,4393,4045,1584,806,0,3653,2461,1192,2775,2100,675,686,15
1119,5438,2765,2673,1001,683,1,2539,1566,973,2714,1415,1299,714,15
817,4095,2108,1987,694,1114,1,1990,1239,751,2052,1088,964,877,0
1162,6449,3376,3073,1161,2383,0,2714,1742,972,3338,1740,1598,1359,5
2701,13921,7160,6761,2802,3001,3,6430,4101,2329,5660,3517,2143,1146,42
1732,8469,4451,4018,1563,1848,38,4538,2785,1753,2930,1965,965,673,59
1067,5068,2658,2410,957,707,4,2535,1589,946,2392,1378,1014,261,28
457,2424,1286,1138,491,379,1,1075,729,346,1083,628,455,80,2
562,2548,1313,1235,508,357,0,1122,696,426,1152,652,500,56,0
1305,6779,3507,3272,1356,1353,2,2399,1577,822,2495,1722,773,610,1
1380,7071,3601,3470,1274,466,0,3372,2040,1332,3165,1844,1321,887,16
1659,8564,4396,4168,1849,1408,0,3456,2201,1255,3489,2182,1307,573,13
91,519,268,251,95,394,0,152,100,52,271,139,132,92,0
247,1072,526,546,205,171,0,520,311,209,345,248,97,8,5
590,3104,1583,1521,562,1080,1,1387,868,519,1315,792,523,7,4
1293,6764,3536,3228,1312,1043,12,3441,2239,1202,2452,1750,702,210,23
0,0,0,0,0,0,0,0,0,0,0,0,0,0,0
857,4180,2191,1989,793,610,1,1812,1134,678,1724,1058,666,42,5
210,1015,514,501,210,660,1,452,273,179,548,279,269,4,0
978,4763,2465,2298,1050,267,420,1852,1270,582,2292,1205,1087,155,2
281,1459,762,697,277,333,1,692,486,206,791,495,296,264,1
418,1987,1047,940,357,415,0,918,590,328,999,548,451,22,4
645,3137,1625,1512,459,360,4,1392,894,498,1499,882,617,49,1
62607,322477,167461,155016,61452,64415,2149,151817,93835,57982,139287,83108,56179,42066,1488
62607,322477,167461,155016,61452,64415,2149,151817,93835,57982,139287,83108,56179,42066,1488
0,0,0,0,0,0,0,0,0,0,0,0,0,0,0
377,2077,1070,1007,398,209,0,944,624,320,901,523,378,494,0
308,1596,829,767,356,22,0,673,449,224,811,421,390,106,1
111,680,345,335,168,0,0,361,219,142,341,175,166,116,4
634,3748,1933,1815,800,127,0,1756,1111,645,1963,1012,951,725,39
269,1708,884,824,371,365,0,776,529,247,853,428,425,736,1
489,2630,1391,1239,458,22,1,1252,805,447,1268,723,545,284,2
416,2047,1065,982,359,62,0,1171,698,473,910,529,381,154,0
166,914,459,455,165,0,0,592,342,250,387,272,115,1,2
421,1912,979,933,357,84,0,1046,693,353,772,515,257,29,0
1346,7663,3977,3686,1548,1326,1,3449,2248,1201,3511,2039,1472,1960,14
494,2778,1466,1312,548,229,0,1229,750,479,1100,705,395,250,0
480,2689,1345,1344,566,857,0,1097,735,362,1427,725,702,520,3
200,1037,526,511,198,79,0,541,342,199,492,259,233,135,2
1053,5935,3042,2893,1242,1589,1,2173,1394,779,3466,1771,1695,498,1
4416,22723,11921,10802,4252,4242,107,11756,7195,4561,9097,5927,3170,3243,203
847,3975,2041,1934,733,254,0,2052,1257,795,2132,1102,1030,383,3
2545,13034,6754,6280,2503,1166,0,6050,3924,2126,5344,3271,2073,1504,99
855,4630,2397,2233,843,655,1,1814,1226,588,2280,1259,1021,739,0
4326,22270,11558,10712,3928,3765,106,12445,7394,5051,9365,5841,3524,2656,160
2660,13875,7128,6747,2660,4123,37,6169,3865,2304,5760,3498,2262,2361,22
650,3450,1761,1689,746,2000,17,1825,1018,807,1334,879,455,508,1
1113,5625,2931,2694,1071,976,2,2842,1744,1098,2579,1366,1213,496,65
2725,13523,7014,6509,2437,5269,98,6104,3765,2339,6034,3448,2586,1326,43
2341,11605,5953,5652,2205,2044,121,5141,3245,1896,4404,2872,1532,817,43
127,735,382,353,100,67,0,362,230,132,411,211,200,383,2
1476,7119,3615,3504,1375,1217,32,3058,1914,1144,3327,1901,1426,435,4
1166,5908,3038,2870,1030,1470,18,2450,1472,978,2712,1628,1084,1012,15
733,3556,1868,1688,668,908,88,1373,888,485,1547,923,624,524,7
1132,5526,2914,2612,1033,1754,109,2331,1456,875,2123,1399,724,981,44
2106,10063,5223,4840,1900,3450,34,4942,3064,1878,5309,2953,2356,2461,83
400,1941,998,943,315,189,6,837,524,313,595,487,108,15,1
182,952,472,480,201,537,7,475,272,203,513,258,255,131,7
364,1930,984,946,371,706,0,1014,634,380,855,510,345,314,0
684,3849,2015,1834,751,1773,9,1702,1074,628,1921,1022,899,259,5
587,3174,1673,1501,663,720,0,1441,835,606,1628,845,783,447,1
906,4337,2339,1998,713,440,0,2097,1341,756,2340,1229,1111,766,32
354,1703,910,793,277,387,0,933,560,373,639,432,207,223,22
222,983,499,484,143,29,0,580,325,255,334,249,85,114,4
1627,7929,4125,3804,1440,1222,0,3996,2432,1564,3303,1961,1342,1112,44
1217,5785,2990,2795,1186,2274,5,2240,1397,843,2926,1489,1437,334,17
3607,17291,8943,8348,3288,4103,36,8627,5276,3351,7684,4389,3295,1970,71
222,1004,528,476,215,148,0,398,257,141,430,246,184,165,0
924,4683,2459,2224,847,140,0,2108,1357,751,2254,1228,1026,110,47
3131,16786,8770,8016,2980,2150,24,7963,4876,3087,7358,4256,3102,984,133
3133,15114,7909,7205,2836,1852,1,7911,4654,3257,5482,4008,1474,1584,102
944,5220,2668,2552,1131,1060,3,2335,1377,958,1596,1138,458,529,3
0,0,0,0,0,0,0,0,0,0,0,0,0,0,0
0,0,0,0,0,0,0,0,0,0,0,0,0,0,0
778,3893,2061,1832,836,128,0,1401,819,582,1316,870,446,573,13
53,377,198,179,76,0,0,175,100,75,143,85,58,8,0
911,4537,2421,2116,857,1352,1,2125,1362,763,1617,1117,500,989,7
1381,7802,4081,3721,1503,992,3,3670,2177,1493,2405,1756,649,814,23
0,0,0,0,0,0,0,0,0,0,0,0,0,0,0
0,0,0,0,0,0,0,0,0,0,0,0,0,0,0
0,0,0,0,0,0,0,0,0,0,0,0,0,0,0
104,577,311,266,123,302,1,194,111,83,276,142,134,94,0
107,727,383,344,133,438,2,270,205,65,332,191,141,276,24
3803,21237,10998,10239,4404,4670,872,9225,5725,3500,9318,5387,3931,3696,68
109,554,285,269,97,0,0,195,145,50,128,125,3,41,0
0,0,0,0,0,0,0,0,0,0,0,0,0,0,0
431,2245,1175,1070,477,332,0,1033,657,376,875,505,370,382,0
0,0,0,0,0,0,0,0,0,0,0,0,0,0,0
444,2816,1457,1359,571,140,406,1098,747,351,1059,608,451,299,1
0,0,0,0,0,0,0,0,0,0,0,0,0,0,0
