No of Households,Total Population Person,Total Population Male,Total Population Female,Population in the age group 0-6 Person,Scheduled Castes population Person,Scheduled Tribes population Person,Literates Population Person,Literates Population Male,Literates Population Female,Total Worker Population Person,Total Worker Population Male,Total Worker Population Female,Main Agricultural Labourers Population Person,Main Household Industries Population Person
70512,351773,183366,168407,69628,56721,4047,151540,94432,57108,143675,89655,54020,50575,1443
70512,351773,183366,168407,69628,56721,4047,151540,94432,57108,143675,89655,54020,50575,1443
0,0,0,0,0,0,0,0,0,0,0,0,0,0,0
1532,7995,4220,3775,1605,590,1,4049,2498,1551,2849,1973,876,1101,30
633,3182,1675,1507,642,164,18,1577,962,615,1251,812,439,408,9
62,326,185,141,56,59,0,104,82,22,140,86,54,120,0
176,955,477,478,179,0,0,279,159,120,520,264,256,213,3
52,248,124,124,72,246,1,3,1,2,122,60,62,70,0
81,433,229,204,107,206,151,135,75,60,214,108,106,90,0
2305,11329,5806,5523,2209,1370,13,5381,3140,2241,4480,2865,1615,1474,140
559,2597,1359,1238,545,759,1,1214,756,458,1273,690,583,68,1
832,4079,2081,1998,737,773,2,2307,1301,1006,1491,1049,442,593,25
1354,6825,3592,3233,1198,792,0,3958,2337,1621,2424,1775,649,686,77
1228,5925,3104,2821,1018,881,2,2498,1610,888,2376,1601,775,535,12
1887,9317,4785,4532,2033,165,0,3114,1983,1131,3704,2244,1460,1436,20
1045,4950,2560,2390,920,786,1,2401,1459,942,2364,1390,974,1245,149
858,4446,2321,2125,917,1896,6,1787,1073,714,1918,1074,844,502,13
407,1779,908,871,296,646,3,991,597,394,1016,549,467,195,0
1986,10756,5571,5185,2195,1507,18,5382,3221,2161,4233,2626,1607,728,73
225,1138,577,561,217,24,0,578,363,215,509,273,236,350,1
1406,7481,3903,3578,1570,1105,531,3566,2089,1477,2876,1778,1098,807,14
1317,7333,3748,3585,1781,946,3,3147,1829,1318,2459,1571,888,693,11
164,958,489,469,267,0,0,375,238,137,219,206,13,110,1
965,4967,2590,2377,1146,1557,3,1597,1039,558,1490,1098,392,695,10
148,701,365,336,126,151,1,239,155,84,307,162,145,108,0
144,683,366,317,169,556,0,172,117,55,338,174,164,2,24
306,1653,865,788,335,214,0,681,458,223,607,415,192,252,0
587,2823,1422,1401,592,749,2,1133,687,446,1238,768,470,331,3
371,1731,905,826,312,369,1,767,470,297,504,440,64,185,0
890,4088,2089,1999,829,44,0,1842,1166,676,1531,1100,431,427,1
980,4785,2545,2240,940,927,1,2153,1349,804,1967,1268,699,774,17
494,2538,1291,1247,501,386,12,855,539,316,830,578,252,398,0
438,2124,1122,1002,423,95,0,972,636,336,755,562,193,128,4
333,1705,883,822,417,0,0,670,442,228,590,394,196,219,0
465,2524,1311,1213,509,830,21,1049,659,390,909,571,338,368,5
5448,26588,13800,12788,5376,5157,334,12750,8002,4748,9704,6653,3051,3666,131
1958,9067,4834,4233,1653,1156,599,4236,2791,1445,4038,2458,1580,824,54
0,0,0,0,0,0,0,0,0,0,0,0,0,0,0
1191,5809,3000,2809,1147,769,1,2676,1764,912,2747,1518,1229,1520,76
1398,6428,3326,3102,1284,1217,306,2555,1598,957,2748,1610,1138,1000,3
7,32,15,17,8,0,0,11,8,3,8,8,0,0,0
41,173,91,82,34,0,0,65,45,20,46,44,2,21,0
2539,12110,6314,5796,2378,1581,615,5177,3325,1852,4780,2966,1814,1577,22
1877,9017,4787,4230,1676,1640,153,3878,2489,1389,3956,2299,1657,1946,8
2341,12149,6328,5821,2404,2168,3,4480,2843,1637,5946,3275,2671,1656,53
2868,14128,7396,6732,2753,1093,2,5778,3620,2158,5084,3421,1663,542,43
1532,7923,4149,3774,1630,1669,61,2519,1624,895,3542,2075,1467,1396,3
2009,10747,5546,5201,2187,1412,265,5105,3109,1996,4664,2774,1890,1327,29
4297,21121,10983,10138,4271,3450,355,7956,5045,2911,8754,5306,3448,3769,37
673,3316,1751,1565,563,617,6,1529,936,593,1393,891,502,700,2
1008,4554,2421,2133,755,1708,4,2104,1283,821,2034,1284,750,497,7
492,2340,1270,1070,447,356,0,1121,760,361,1178,721,457,476,7
1095,5079,2617,2462,954,1303,0,2004,1274,730,2132,1289,843,673,12
1029,5012,2655,2357,885,480,0,2309,1498,811,1973,1309,664,641,7
1910,9608,5019,4589,1876,1791,11,4738,2825,1913,4005,2442,1563,2059,23
1656,9374,4907,4467,2203,1569,0,2988,1882,1106,3545,2290,1255,1583,147
1203,6019,3180,2839,1212,0,0,1919,1232,687,2880,1619,1261,1592,21
449,2212,1175,1037,337,459,0,879,531,348,1038,534,504,478,2
489,2551,1361,1190,465,574,1,969,635,334,1369,785,584,739,1
725,3863,1971,1892,717,1446,2,1517,919,598,1871,1073,798,524,35
1563,8534,4385,4149,1559,1191,0,4098,2509,1589,3792,2359,1433,661,12
882,4320,2252,2068,908,563,0,1561,1043,518,1553,1115,438,420,2
1684,8236,4318,3918,1614,1018,3,3454,2142,1312,3035,2073,962,1532,23
232,957,520,437,149,310,2,573,335,238,432,282,150,104,10
320,1477,785,692,285,343,369,676,430,246,699,384,315,523,0
506,2285,1211,1074,375,159,143,1033,642,391,1177,615,562,676,0
2344,11831,6216,5615,2191,2604,20,4923,3168,1755,5147,3031,2116,1831,28
516,2539,1315,1224,469,125,0,983,635,348,901,628,273,311,2
79993,396364,206539,189825,82411,68534,6109,165019,100720,64299,157260,100611,56649,61729,1264
79993,396364,206539,189825,82411,68534,6109,165019,100720,64299,157260,100611,56649,61729,1264
0,0,0,0,0,0,0,0,0,0,0,0,0,0,0
1301,6615,3502,3113,1423,2961,215,2948,1826,1122,2774,1596,1178,575,12
440,2165,1120,1045,474,1201,164,845,472,373,978,512,466,605,29
815,4126,2160,1966,865,1643,367,1480,873,607,1836,1084,752,844,7
437,2218,1147,1071,515,0,0,944,533,411,874,592,282,363,1
3062,14498,7566,6932,2990,4339,48,6091,3494,2597,6300,3724,2576,3707,32
1391,7038,3614,3424,1424,1721,1086,2632,1601,1031,3242,1832,1410,1076,113
84,346,186,160,51,0,0,238,132,106,172,84,88,1,2
368,1830,942,888,405,68,0,876,535,341,900,465,435,301,11
1067,5399,2814,2585,1067,1894,7,2307,1450,857,2599,1437,1162,1293,26
194,894,436,458,285,752,0,131,65,66,407,209,198,343,0
1846,9139,4579,4560,1769,2339,14,4354,2483,1871,3252,2284,968,1837,42
0,0,0,0,0,0,0,0,0,0,0,0,0,0,0
568,2902,1461,1441,611,1161,0,1004,602,402,1209,744,465,677,16
275,1667,862,805,335,625,0,775,443,332,647,409,238,324,42
253,1150,592,558,231,428,0,523,293,230,434,284,150,302,3
1025,5035,2628,2407,1092,2255,402,1841,1132,709,2080,1249,831,1500,7
615,3386,1761,1625,577,1361,0,1550,924,626,1883,1001,882,740,10
639,3297,1697,1600,619,1213,4,1271,784,487,1382,862,520,646,3
1113,5937,3096,2841,1276,1618,0,2232,1357,875,3015,1582,1433,789,18
180,900,463,437,166,38,0,494,298,196,274,213,61,99,7
1369,7513,3824,3689,1765,118,0,2731,1640,1091,2652,1746,906,1055,35
1501,7438,3898,3540,1721,1486,13,2833,1783,1050,2345,1686,659,1113,7
3216,16207,8417,7790,3234,3863,187,6460,3962,2498,6509,4278,2231,2909,38
284,1646,868,778,365,103,0,511,336,175,732,464,268,362,1
305,1475,796,679,305,240,0,518,322,196,580,399,181,274,0
1863,9260,4799,4461,2077,935,1,3126,1930,1196,3725,2311,1414,1416,12
646,3440,1801,1639,805,0,0,1251,807,444,1133,852,281,527,19
1225,5674,2941,2733,1228,442,342,1381,843,538,2027,1357,670,1183,11
2698,13744,7283,6461,3195,153,0,4398,2705,1693,5174,3312,1862,2604,24
1488,6641,3498,3143,1260,2296,9,2962,1781,1181,2774,1745,1029,1184,18
428,2058,1088,970,357,695,10,969,583,386,710,527,183,240,4
383,1927,1009,918,338,377,0,1020,651,369,531,482,49,248,20
102,431,232,199,65,170,0,328,180,148,161,122,39,85,1
138,776,405,371,177,0,0,388,214,174,173,169,4,122,0
548,2690,1450,1240,614,712,0,1214,751,463,984,660,324,553,2
504,2376,1219,1157,503,674,0,1032,636,396,973,578,395,269,0
187,736,393,343,147,174,0,320,208,112,341,192,149,228,0
1699,7944,4110,3834,1597,1886,51,3434,2117,1317,3554,2065,1489,1246,19
343,1332,675,657,286,541,36,504,295,209,579,346,233,248,12
1107,5335,2807,2528,1088,186,2,2341,1467,874,1773,1320,453,1052,9
566,2565,1320,1245,544,439,1277,785,514,271,1311,676,635,478,7
75,311,157,154,61,0,0,178,106,72,83,77,6,3,0
570,2524,1358,1166,403,1329,0,1459,907,552,1149,682,467,725,2
1402,6422,3324,3098,1435,432,140,2621,1639,982,2465,1591,874,1132,19
577,2711,1426,1285,587,0,0,1246,774,472,1214,758,456,420,2
1194,5930,3105,2825,1394,219,0,2453,1526,927,2579,1582,997,1201,4
760,4193,2195,1998,921,100,0,1797,1131,666,1715,1061,654,695,9
1307,5723,3014,2709,1081,562,1,2907,1784,1123,1862,1383,479,821,38
254,1082,592,490,175,15,1,553,379,174,551,309,242,34,1
30,150,81,69,33,0,0,72,50,22,73,36,37,1,0
78,388,209,179,102,0,0,175,126,49,156,80,76,0,0
43,231,118,113,45,0,0,78,42,36,58,53,5,1,0
89,477,255,222,109,152,0,151,114,37,120,105,15,6,0
192,934,491,443,239,717,0,243,155,88,432,239,193,42,0
63,329,167,162,60,0,0,115,74,41,168,86,82,0,0
429,2155,1181,974,445,677,0,882,565,317,762,578,184,165,0
367,1696,883,813,322,144,1,744,468,276,611,436,175,152,8
239,1171,586,585,273,51,0,496,297,199,496,312,184,111,0
433,2174,1093,1081,499,44,0,1009,582,427,1091,565,526,398,1
0,0,0,0,0,0,0,0,0,0,0,0,0,0,0
177,841,452,389,203,0,0,348,238,110,312,259,53,65,1
239,1268,673,595,215,0,0,784,481,303,668,358,310,3,0
1212,5787,3064,2723,1046,452,0,3037,1837,1200,2056,1524,532,661,3
1458,7234,3740,3494,1542,269,2,3311,2024,1287,2183,1769,414,573,3
351,1846,960,886,398,261,0,803,469,334,674,455,219,93,0
257,1363,713,650,293,148,280,412,260,152,655,368,287,150,1
2059,9868,5176,4692,2007,2002,179,4180,2631,1549,3545,2530,1015,2020,7
854,4011,2081,1930,864,275,1,1349,872,477,1904,1072,832,683,0
442,1977,1042,935,355,884,5,942,578,364,912,518,394,421,3
467,2154,1115,1039,407,767,0,971,593,378,968,577,391,281,11
427,2180,1110,1070,473,6,0,993,602,391,802,553,249,541,2
1527,7723,3977,3746,1707,1476,260,2745,1691,1054,3894,2101,1793,2026,122
349,1842,925,917,410,130,0,454,275,179,815,467,348,391,1
270,1419,724,695,313,0,0,529,309,220,393,343,50,296,0
293,1264,669,595,231,67,0,359,230,129,475,353,122,320,0
304,1537,814,723,313,501,0,681,429,252,649,419,230,364,0
2102,10422,5413,5009,2051,3670,868,4079,2530,1549,4862,2779,2083,2005,51
1983,9563,4957,4606,2038,2019,0,4043,2432,1611,3520,2381,1139,994,31
4794,25407,13234,12173,5769,1624,0,9400,5713,3687,9008,5944,3064,2379,40
736,3691,1882,1809,831,265,0,1368,843,525,1574,977,597,309,2
1230,5677,3059,2618,980,452,31,3068,1916,1152,1975,1457,518,340,6
124,537,274,263,92,308,0,336,190,146,252,142,110,3,0
1576,7231,3791,3440,1395,1120,4,3229,1972,1257,2450,1860,590,716,39
469,2142,1088,1054,408,31,0,1233,696,537,845,551,294,210,2
0,0,0,0,0,0,0,0,0,0,0,0,0,0,0
1401,7541,3893,3648,1542,1253,4,3278,1940,1338,2424,1875,549,697,41
1391,7068,3686,3382,1374,328,14,3556,2113,1443,2324,1779,545,733,30
83,375,196,179,53,94,1,229,129,100,85,72,13,25,0
12,52,25,27,12,0,0,29,19,10,15,14,1,3,0
303,1529,780,749,286,0,0,723,467,256,393,352,41,6,0
1872,9549,4942,4607,2078,472,0,3855,2404,1451,3872,2314,1558,930,16
26,104,56,48,15,0,0,44,28,16,55,28,27,19,0
35,165,80,85,29,36,0,32,19,13,97,51,46,92,0
213,1141,598,543,198,3,0,636,394,242,395,279,116,20,0
364,1718,900,818,291,257,0,640,369,271,469,399,70,40,0
226,1079,578,501,195,658,3,351,230,121,615,318,297,26,0
328,1640,860,780,300,117,0,868,521,347,734,437,297,510,2
988,4880,2550,2330,966,780,0,1983,1277,706,2356,1326,1030,862,0
139,525,275,250,68,156,0,354,192,162,190,146,44,52,0
475,2525,1420,1105,395,124,0,1298,817,481,1389,842,547,460,0
1212,5976,3187,2789,1044,374,37,3231,1949,1282,2149,1574,575,629,49
1039,5502,2844,2658,1161,68,0,2719,1626,1093,2047,1270,777,256,47
618,3038,1575,1463,692,1,33,1315,798,517,1085,735,350,394,18
74,374,189,185,74,0,0,154,105,49,176,94,82,1,0
167,941,499,442,205,0,2,435,285,150,426,244,182,35,3
282,1424,756,668,275,81,0,681,403,278,448,349,99,137,29
108,658,342,316,139,212,0,290,177,113,172,160,12,109,0
562,3225,1681,1544,648,1244,7,1443,906,537,1369,813,556,524,0
46986,230835,120475,110360,45627,45963,3306,93584,58381,35203,106158,60679,45479,47810,1020
46986,230835,120475,110360,45627,45963,3306,93584,58381,35203,106158,60679,45479,47810,1020
0,0,0,0,0,0,0,0,0,0,0,0,0,0,0
3529,17181,9039,8142,3452,4547,238,6714,4228,2486,8100,4689,3411,4814,24
1215,5824,3081,2743,1048,873,13,2616,1643,973,3021,1685,1336,1905,10
331,1893,965,928,367,278,1,740,474,266,818,452,366,352,1
62,343,173,170,61,0,0,187,105,82,169,82,87,8,0
1997,8913,4615,4298,1737,2751,161,4182,2538,1644,4161,2349,1812,1923,12
1121,5517,2858,2659,1025,782,10,2419,1500,919,2662,1487,1175,1577,9
1782,8177,4311,3866,1313,2091,0,3971,2392,1579,3489,2157,1332,1474,67
1764,8873,4691,4182,1779,3080,414,3863,2405,1458,3756,2319,1437,2120,6
1577,7946,4099,3847,1442,3554,12,2945,1859,1086,4651,2468,2183,2511,3
283,1491,774,717,291,1023,1,254,171,83,1057,537,520,600,1
1667,7518,3913,3605,1363,1365,0,3605,2203,1402,3530,2034,1496,771,99
2167,11198,5826,5372,2179,1985,56,5011,3129,1882,4585,2819,1766,1613,159
156,692,370,322,112,0,0,422,269,153,466,247,219,221,35
3660,17198,9007,8191,3118,2143,414,6883,4443,2440,8298,4723,3575,4634,53
1538,7178,3698,3480,1309,2031,249,3189,1952,1237,3555,1904,1651,417,5
0,0,0,0,0,0,0,0,0,0,0,0,0,0,0
0,0,0,0,0,0,0,0,0,0,0,0,0,0,0
571,2593,1321,1272,484,1022,8,1071,670,401,1214,639,575,164,4
679,3577,1893,1684,725,1318,824,1469,937,532,1601,878,723,421,3
103,453,244,209,100,418,0,154,99,55,241,127,114,41,0
2505,11676,6072,5604,2308,1962,1,5750,3531,2219,4964,2975,1989,1620,40
1965,9946,5147,4799,2056,2902,7,4366,2622,1744,4735,2600,2135,1598,138
36,185,92,93,28,123,0,29,29,0,132,70,62,129,0
135,605,321,284,119,77,0,103,72,31,307,154,153,268,0
0,0,0,0,0,0,0,0,0,0,0,0,0,0,0
462,2366,1186,1180,494,914,0,1017,619,398,1248,639,609,391,0
1776,8038,4167,3871,1600,1618,0,3132,1914,1218,3683,2096,1587,1536,11
3558,18596,9718,8878,4273,968,0,6391,4057,2334,7577,4438,3139,2713,17
0,0,0,0,0,0,0,0,0,0,0,0,0,0,0
0,0,0,0,0,0,0,0,0,0,0,0,0,0,0
376,1946,1019,927,297,229,0,1356,751,605,935,590,345,246,0
903,4274,2272,2002,734,782,8,1941,1216,725,2209,1229,980,974,4
382,1752,935,817,235,220,1,996,603,393,628,459,169,169,0
579,3013,1570,1443,574,292,0,818,494,324,1377,726,651,973,3
342,1597,822,775,328,3,0,507,327,180,844,453,391,592,3
424,2501,1286,1215,572,0,0,551,345,206,853,580,273,411,0
0,0,0,0,0,0,0,0,0,0,0,0,0,0,0
233,1270,603,667,327,0,0,299,183,116,395,228,167,176,1
1812,9628,5030,4598,2160,753,304,3479,2139,1340,3938,2321,1617,1594,8
372,1978,1061,917,353,75,0,788,483,305,877,550,327,347,0
123,581,307,274,113,85,0,257,169,88,271,152,119,139,1
1411,7400,3908,3492,1595,301,7,1963,1374,589,3263,1819,1444,1806,16
455,2351,1191,1160,581,533,2,824,568,256,1114,566,548,511,3
1209,5799,3041,2758,1034,1795,15,2275,1397,878,2497,1524,973,1689,41
253,1349,710,639,307,247,0,297,201,96,721,370,351,362,0
0,0,0,0,0,0,0,0,0,0,0,0,0,0,0
185,901,464,437,182,18,172,266,176,90,478,276,202,308,53
58,311,165,146,83,0,0,20,16,4,163,79,84,46,0
75,379,192,187,76,0,0,129,76,53,184,93,91,46,0
129,623,316,307,180,277,0,114,77,37,242,147,95,105,9
71,325,174,151,70,0,0,40,25,15,211,108,103,172,0
15,77,42,35,22,77,0,3,2,1,38,21,17,35,0
145,644,333,311,146,110,0,335,208,127,312,167,145,262,45
305,1470,789,681,248,62,0,981,567,414,682,421,261,252,0
93,501,271,230,116,66,0,214,128,86,161,118,43,96,4
322,1731,918,813,312,43,0,795,492,303,765,389,376,388,1
670,3446,1828,1618,697,623,248,1248,825,423,1647,887,760,874,4
0,0,0,0,0,0,0,0,0,0,0,0,0,0,0
0,0,0,0,0,0,0,0,0,0,0,0,0,0,0
659,3406,1772,1634,748,602,52,1264,828,436,1633,852,781,612,77
0,0,0,0,0,0,0,0,0,0,0,0,0,0,0
0,0,0,0,0,0,0,0,0,0,0,0,0,0,0
92,415,221,194,83,217,88,261,163,98,189,113,76,82,28
172,907,469,438,192,375,0,258,150,108,323,209,114,93,15
204,1024,526,498,216,347,0,376,248,128,535,291,244,277,3
0,0,0,0,0,0,0,0,0,0,0,0,0,0,0
278,1259,659,600,263,6,0,446,289,157,653,373,280,352,4
81327,398977,207079,191898,83836,87098,18102,156596,95268,61328,165065,101988,63077,76318,1639
81327,398977,207079,191898,83836,87098,18102,156596,95268,61328,165065,101988,63077,76318,1639
0,0,0,0,0,0,0,0,0,0,0,0,0,0,0
84,425,206,219,118,0,0,115,61,54,192,94,98,183,0
3482,17647,9163,8484,3968,4661,707,6014,3615,2399,7287,4424,2863,4842,117
531,2840,1441,1399,682,1287,43,1130,670,460,1082,716,366,746,0
2336,10892,5652,5240,2367,4435,37,4462,2740,1722,4707,2913,1794,2526,40
83,402,208,194,104,0,0,146,97,49,186,102,84,76,1
1804,8556,4472,4084,1564,2018,178,3201,2039,1162,3587,2379,1208,1951,11
577,2740,1439,1301,520,102,2,1249,819,430,961,701,260,414,14
0,0,0,0,0,0,0,0,0,0,0,0,0,0,0
596,2750,1478,1272,516,870,0,1162,804,358,930,753,177,366,0
271,1106,591,515,230,0,0,590,373,217,579,311,268,165,28
927,3647,1862,1785,709,796,0,1814,1177,637,1392,966,426,591,1
362,1655,844,811,304,156,0,787,515,272,470,407,63,209,0
109,545,274,271,82,88,0,275,174,101,269,137,132,11,0
56,244,119,125,66,244,0,99,61,38,106,52,54,105,0
322,1568,773,795,393,591,0,506,270,236,416,369,47,273,0
665,3546,1844,1702,744,111,0,1659,990,669,1615,1013,602,569,24
358,1915,1014,901,424,21,0,836,515,321,632,522,110,112,28
485,2742,1434,1308,658,11,0,984,628,356,529,492,37,336,0
1144,6142,3182,2960,1441,3,0,2169,1298,871,1599,1376,223,658,2
396,2226,1142,1084,551,0,0,893,523,370,557,494,63,268,17
454,2523,1277,1246,615,0,0,1014,590,424,790,552,238,216,30
586,3431,1799,1632,809,0,0,1558,896,662,850,771,79,472,0
286,1492,761,731,353,235,0,728,423,305,395,354,41,269,62
927,4438,2310,2128,1061,673,0,1735,1035,700,1646,1059,587,879,10
899,3614,1831,1783,728,388,0,1326,822,504,1391,940,451,485,2
745,3802,1983,1819,845,892,0,1195,746,449,1237,839,398,516,0
508,2365,1207,1158,497,0,0,706,441,265,1106,631,475,286,9
818,4101,2162,1939,806,1069,0,1446,869,577,1452,958,494,730,20
492,2303,1202,1101,607,741,115,598,348,250,1105,582,523,156,0
0,0,0,0,0,0,0,0,0,0,0,0,0,0,0
662,3289,1723,1566,602,51,0,1359,787,572,1099,754,345,466,4
120,635,292,343,147,70,0,183,88,95,150,124,26,80,0
547,2566,1339,1227,459,214,0,1004,616,388,976,657,319,322,6
1154,5462,2757,2705,1155,642,0,2201,1258,943,2240,1379,861,1186,29
243,1361,722,639,316,29,0,406,245,161,405,327,78,262,1
1167,5637,2999,2638,1220,1449,0,2739,1644,1095,2178,1362,816,793,50
339,1627,825,802,367,299,0,578,325,253,671,376,295,312,0
260,1215,629,586,307,842,0,374,224,150,540,322,218,214,1
1312,6203,3245,2958,1273,2083,446,1640,982,658,2456,1584,872,1375,3
438,2199,1119,1080,460,887,121,749,454,295,1206,692,514,291,15
340,1607,833,774,368,374,7,467,293,174,608,390,218,247,3
1413,6859,3467,3392,1650,1232,600,1197,723,474,2730,1673,1057,1070,18
385,1994,1027,967,432,505,676,668,426,242,962,533,429,301,1
531,2569,1305,1264,539,586,879,931,549,382,1164,666,498,360,9
892,4272,2195,2077,925,726,278,1623,1001,622,1450,1090,360,715,0
540,2505,1321,1184,562,443,0,953,604,349,957,651,306,84,0
359,2087,1028,1059,511,0,0,614,339,275,601,439,162,170,0
383,2442,1232,1210,562,0,0,574,283,291,772,566,206,222,10
91,374,184,190,81,329,0,85,39,46,189,92,97,129,0
571,2812,1464,1348,694,108,266,784,488,296,977,695,282,589,0
2324,11823,6018,5805,2735,688,259,4099,2433,1666,4221,2848,1373,2027,26
1871,8909,4623,4286,1966,2340,289,3335,2010,1325,3617,2240,1377,1252,62
548,2856,1451,1405,530,985,1,1463,840,623,1434,734,700,393,6
2799,13579,7049,6530,2910,2645,11,5715,3535,2180,5789,3271,2518,3273,33
122,524,274,250,123,34,0,249,151,98,260,134,126,67,1
1578,7518,3861,3657,1489,697,0,3357,2064,1293,3469,1946,1523,906,54
802,3793,1929,1864,746,909,0,1902,1078,824,1332,917,415,602,13
2275,10038,5361,4677,1936,2496,48,4703,2861,1842,4054,2649,1405,1956,22
1049,4762,2480,2282,1053,1854,455,1940,1144,796,1867,1198,669,1030,15
776,3577,1849,1728,716,1320,304,1104,697,407,1785,943,842,978,2
267,1357,660,697,244,0,0,638,364,274,409,341,68,213,1
270,1209,583,626,279,3,0,363,224,139,440,280,160,257,8
1528,7384,3764,3620,1611,1525,12,2281,1368,913,3230,1850,1380,1269,7
618,2846,1487,1359,622,909,980,782,507,275,1221,725,496,1003,2
3193,14671,7703,6968,2771,2095,216,7602,4454,3148,4839,3618,1221,1985,236
1767,8365,4388,3977,1486,1366,469,4717,2677,2040,2845,2126,719,931,80
65,328,169,159,77,0,0,136,81,55,128,71,57,43,5
1269,5984,3068,2916,1145,314,0,2724,1638,1086,2680,1687,993,1250,7
105,480,261,219,99,0,148,103,66,37,141,106,35,0,0
607,2886,1517,1369,681,1789,125,896,611,285,1694,883,811,51,3
1309,6265,3297,2968,1234,1331,783,2747,1632,1115,2454,1571,883,785,71
677,2998,1527,1471,651,610,381,1498,832,666,1374,756,618,749,8
913,4809,2479,2330,1041,1729,1442,1696,1044,652,1891,1229,662,673,1
3796,18462,9531,8931,3872,6103,2815,6897,4208,2689,9157,4960,4197,6381,42
779,3928,2011,1917,844,1595,563,1387,873,514,1902,1025,877,1469,15
1444,7698,4027,3671,1508,648,932,3330,1937,1393,3538,2030,1508,2032,104
692,3290,1684,1606,732,1087,692,996,604,392,1485,765,720,1325,0
763,3565,1877,1688,639,413,233,1809,1109,700,1456,983,473,469,6
1048,5001,2599,2402,1262,2989,141,1546,937,609,2567,1350,1217,1664,9
1602,7603,3964,3639,1456,1978,124,3438,2141,1297,3591,2081,1510,1586,23
1564,8080,4228,3852,1635,2666,164,3384,2142,1242,3704,2064,1640,1129,13
1563,7388,3773,3615,1473,2497,70,2533,1588,945,2782,1759,1023,966,12
1601,7914,4172,3742,1708,1749,367,2848,1779,1069,3255,2048,1207,1366,55
1629,9124,4849,4275,1730,2393,97,3636,2472,1164,4894,2589,2305,1045,12
1156,5892,3124,2768,1027,1499,474,2360,1479,881,2764,1567,1197,904,8
1258,6945,3639,3306,1520,1704,212,2917,1785,1132,3481,1857,1624,1983,56
61,299,157,142,53,116,0,62,45,17,162,84,78,111,0
120,620,336,284,121,170,0,283,173,110,328,171,157,299,0
3469,18835,9934,8901,3719,3591,940,7594,4778,2816,9426,5253,4173,4298,55
78809,386508,200411,186097,84036,31893,2797,150574,90029,60545,140891,94627,46264,57968,1456
78809,386508,200411,186097,84036,31893,2797,150574,90029,60545,140891,94627,46264,57968,1456
0,0,0,0,0,0,0,0,0,0,0,0,0,0,0
1113,5114,2636,2478,1165,22,0,2273,1424,849,2285,1289,996,601,0
336,1459,785,674,297,55,32,514,334,180,454,416,38,28,3
3416,15813,8160,7653,3182,1827,134,7111,4242,2869,4844,3848,996,1809,139
1544,7585,3960,3625,1687,10,0,2913,1615,1298,1737,1617,120,1188,6
311,1414,748,666,294,35,0,507,316,191,652,354,298,352,4
550,2697,1381,1316,567,0,0,1018,595,423,761,613,148,475,0
2353,11190,5808,5382,2353,3204,11,3982,2411,1571,4851,2894,1957,1966,14
3083,12923,6765,6158,2420,1009,182,5368,3412,1956,6141,3606,2535,2193,123
577,2401,1248,1153,382,177,0,1416,850,566,1249,662,587,39,0
8,40,20,20,6,0,39,12,9,3,17,8,9,0,0
221,863,442,421,105,169,0,459,266,193,355,226,129,61,0
990,4717,2511,2206,866,621,1,2235,1465,770,1933,1189,744,981,14
965,4544,2388,2156,827,86,1,2297,1468,829,1808,1203,605,801,3
1210,5882,3059,2823,1124,481,25,2542,1619,923,2476,1592,884,1433,11
134,688,363,325,129,0,0,149,93,56,236,185,51,5,0
670,2850,1464,1386,470,351,41,1391,856,535,992,700,292,442,1
904,4281,2259,2022,723,842,2,1969,1232,737,1961,1199,762,1211,32
1295,6019,3166,2853,1030,264,176,2917,1750,1167,2058,1563,495,1067,1
353,1594,835,759,422,1389,0,512,352,160,721,382,339,65,0
1041,4516,2397,2119,839,807,175,2027,1204,823,1917,1254,663,734,42
678,3988,2136,1852,914,0,0,1468,943,525,1625,998,627,700,46
496,2700,1378,1322,491,223,1,1057,662,395,1109,752,357,809,5
3324,16497,8543,7954,3256,271,0,6431,3648,2783,5356,3924,1432,2265,39
479,2254,1138,1116,474,60,0,774,437,337,748,595,153,237,5
186,948,497,451,216,0,0,340,212,128,380,244,136,102,1
1142,6117,3150,2967,1456,0,0,2427,1433,994,2314,1494,820,597,2
1066,4968,2538,2430,1157,358,1,1827,1122,705,1821,1206,615,639,3
2311,11584,5974,5610,2615,891,1,4598,2741,1857,4529,2881,1648,1705,7
182,921,493,428,248,0,0,338,203,135,383,230,153,58,0
444,2066,1098,968,447,38,0,824,481,343,586,509,77,473,2
1563,8046,4163,3883,1841,1140,51,2969,1752,1217,2413,1878,535,1112,9
466,2315,1227,1088,550,331,21,848,512,336,1027,635,392,171,1
668,3277,1675,1602,705,115,154,1130,625,505,1304,828,476,347,52
261,1122,591,531,237,15,0,431,279,152,357,273,84,172,1
1361,7082,3661,3421,1671,331,0,2595,1520,1075,2411,1708,703,968,3
129,704,366,338,178,0,0,295,176,119,184,154,30,34,1
152,670,339,331,156,340,0,297,177,120,258,160,98,91,0
2431,12499,6482,6017,2985,7,0,4528,2778,1750,3836,2806,1030,1342,20
410,2096,1077,1019,521,89,0,732,430,302,683,488,195,239,0
4582,22367,11694,10673,4951,593,168,7775,4779,2996,6632,5126,1506,3250,51
120,652,353,299,148,0,0,280,168,112,299,160,139,21,0
492,2014,1060,954,389,223,0,1016,597,419,701,500,201,365,4
23,107,63,44,24,0,0,48,30,18,35,32,3,5,0
193,841,450,391,159,0,0,341,229,112,261,207,54,49,0
915,4406,2209,2197,912,38,0,1550,803,747,1865,1081,784,370,51
2612,12788,6637,6151,2968,163,14,5060,2993,2067,4324,3283,1041,1845,24
141,1086,570,516,247,0,0,477,275,202,535,294,241,424,4
226,1008,518,490,223,18,4,484,277,207,317,229,88,125,0
20,126,70,56,37,0,0,41,27,14,39,28,11,11,0
827,3917,1932,1985,831,809,188,1576,876,700,1543,952,591,1107,1
517,2631,1328,1303,607,365,148,854,505,349,1051,656,395,441,37
44,212,100,112,51,0,0,53,28,25,96,38,58,91,0
216,1085,541,544,213,293,0,452,270,182,486,265,221,269,0
789,3881,1984,1897,891,1201,1,1558,928,630,1601,929,672,821,40
687,3308,1729,1579,653,541,22,1527,956,571,1223,738,485,715,20
1324,6410,3286,3124,1406,106,221,3017,1759,1258,2534,1663,871,1169,4
793,4045,2082,1963,846,138,0,1630,975,655,1431,1038,393,641,26
2518,12900,6673,6227,2817,47,0,5894,3399,2495,3497,2747,750,1120,92
588,3003,1578,1425,679,0,0,950,571,379,1259,725,534,286,14
116,593,320,273,134,0,0,171,100,71,114,109,5,27,1
1133,6149,3223,2926,1484,2,0,2497,1453,1044,1544,1354,190,347,12
1592,8053,4220,3833,1827,572,14,3706,2197,1509,2514,1864,650,883,13
2465,12743,6674,6069,2828,1298,87,5242,3177,2065,4941,3122,1819,2195,37
802,4597,2380,2217,1170,129,1,1400,880,520,1704,1035,669,784,105
389,1850,997,853,373,0,0,867,534,333,580,516,64,334,0
1298,7176,3635,3541,1812,582,0,2664,1560,1104,2673,1689,984,1555,1
1052,5591,2940,2651,1303,255,5,2445,1457,988,2154,1357,797,687,2
2404,12214,6281,5933,2850,1510,0,3684,2206,1478,4710,2921,1789,1445,46
1970,9986,5107,4879,2166,998,13,3667,2137,1530,3812,2419,1393,1283,26
341,1576,840,736,319,455,2,672,422,250,575,384,191,36,10
1704,7881,4077,3804,1593,977,12,2727,1554,1173,3206,1970,1236,1925,16
1437,6864,3568,3296,1489,1349,516,1958,1123,835,2889,1752,1137,1491,94
1854,8938,4514,4424,1922,833,4,2604,1505,1099,3731,2274,1457,1698,66
149,745,351,394,183,0,0,284,138,146,266,181,85,46,4
250,1125,563,562,337,447,1,298,179,119,495,245,250,411,2
298,1541,806,735,369,630,0,435,280,155,608,371,237,462,3
1122,5527,2878,2649,1418,272,2,1775,1056,719,1814,1262,552,730,25
913,4652,2417,2235,1109,791,11,1850,1077,773,2133,1225,908,521,16
311,1777,907,870,437,20,0,491,282,209,483,383,100,175,2
698,3359,1763,1596,772,630,315,985,586,399,1369,866,503,293,17
61,340,172,168,83,50,0,48,37,11,75,74,1,3,0
29238,149231,78008,71223,29436,19947,1647,68172,42212,25960,61587,38931,22656,18236,489
29238,149231,78008,71223,29436,19947,1647,68172,42212,25960,61587,38931,22656,18236,489
0,0,0,0,0,0,0,0,0,0,0,0,0,0,0
878,4290,2293,1997,728,722,0,2239,1360,879,2119,1218,901,575,7
11,68,36,32,22,0,0,23,17,6,26,14,12,7,0
427,2103,1072,1031,413,90,11,985,650,335,907,557,350,291,2
706,3459,1882,1577,636,77,124,1676,1113,563,1405,1001,404,426,49
1120,5384,2836,2548,916,362,36,2901,1728,1173,2165,1501,664,947,14
430,2300,1235,1065,436,858,1,1059,709,350,867,632,235,500,2
474,2185,1117,1068,425,421,5,1041,626,415,813,600,213,395,23
296,1539,817,722,260,169,0,754,489,265,685,406,279,147,5
227,1165,589,576,214,586,5,503,299,204,449,324,125,268,9
59,299,159,140,33,72,0,178,114,64,109,81,28,24,0
383,1854,961,893,366,261,123,741,477,264,670,487,183,375,0
373,2189,1184,1005,463,0,0,796,508,288,871,572,299,367,3
656,3049,1565,1484,584,496,0,1329,826,503,1211,753,458,510,4
140,660,337,323,148,256,0,239,148,91,300,155,145,32,0
688,3376,1725,1651,708,1103,1,1544,901,643,1455,810,645,676,0
419,1930,1020,910,370,468,1,974,597,377,834,475,359,337,13
452,2401,1249,1152,476,851,1,1060,678,382,1227,660,567,107,4
696,3396,1769,1627,658,392,2,1822,1131,691,1593,918,675,494,0
511,2583,1339,1244,481,173,0,1343,792,551,1350,710,640,403,30
0,0,0,0,0,0,0,0,0,0,0,0,0,0,0
1129,5722,2940,2782,1242,31,0,2278,1346,932,2066,1392,674,529,2
160,770,381,389,143,0,0,531,286,245,256,187,69,9,0
459,2188,1154,1034,376,109,94,1089,697,392,714,576,138,193,4
87,467,240,227,128,0,106,180,121,59,228,111,117,119,0
712,3721,1913,1808,854,264,4,1302,814,488,1219,825,394,743,0
38,194,90,104,39,0,0,85,46,39,93,51,42,55,0
51,246,126,120,34,106,0,167,79,88,97,58,39,0,1
834,4369,2287,2082,778,117,0,2030,1275,755,1676,1149,527,697,10
964,5195,2722,2473,966,621,48,2777,1665,1112,1486,1253,233,425,1
538,2895,1481,1414,683,158,0,1238,759,479,1074,735,339,404,8
418,2040,1069,971,383,84,0,1076,695,381,1051,565,486,6,0
855,4400,2251,2149,821,361,463,2135,1338,797,1769,1150,619,324,3
590,2911,1522,1389,625,731,1,1425,834,591,1260,703,557,300,7
677,3297,1736,1561,651,219,0,1267,781,486,1389,797,592,470,31
740,3681,1940,1741,677,372,0,1767,1113,654,1714,1007,707,327,16
295,1598,831,767,340,199,0,681,398,283,692,428,264,121,41
152,705,360,345,147,74,46,325,188,137,362,180,182,197,0
185,1162,598,564,260,295,1,467,304,163,709,369,340,8,1
178,1006,521,485,201,275,0,542,310,232,452,248,204,269,3
130,691,361,330,135,628,1,264,171,93,386,205,181,5,1
179,980,518,462,184,652,67,389,247,142,495,275,220,8,0
596,2965,1566,1399,546,479,4,1322,825,497,1524,861,663,403,8
1012,5235,2757,2478,879,721,2,2877,1730,1147,2393,1409,984,227,38
250,1195,614,581,241,0,0,604,375,229,533,338,195,275,9
41,245,142,103,44,0,0,82,67,15,81,78,3,31,1
334,1696,872,824,302,456,0,729,460,269,822,478,344,139,11
1560,8915,4639,4276,1937,12,0,2575,1646,929,3549,2306,1243,643,4
540,2414,1281,1133,473,332,1,1139,756,383,989,641,348,166,4
709,3504,1887,1617,788,953,1,1412,967,445,1455,883,572,10,4
232,1369,706,663,263,199,209,581,345,236,659,345,314,137,0
489,2660,1405,1255,667,282,0,1178,723,455,851,658,193,234,43
298,1776,933,843,397,78,9,776,477,299,662,448,214,137,0
1087,6308,3283,3025,1409,338,76,2924,1860,1064,2262,1520,742,342,1
259,1328,704,624,271,322,1,692,422,270,547,334,213,31,9
400,1999,1041,958,374,543,32,1019,602,417,724,522,202,146,0
99,471,254,217,109,0,0,156,93,63,197,98,99,98,0
29,117,64,53,21,0,0,51,35,16,29,29,0,18,0
169,843,437,406,169,562,1,310,194,116,380,220,160,165,0
196,877,459,418,170,94,0,425,264,161,334,232,102,142,2
191,958,498,460,210,486,0,327,202,125,411,247,164,40,0
59,229,121,108,22,0,0,195,105,90,76,68,8,7,0
211,1056,547,509,213,220,1,502,336,166,689,371,318,239,0
328,1598,846,752,304,196,0,643,401,242,689,398,291,535,4
195,1115,579,536,191,0,0,568,379,189,578,319,259,36,2
69,367,191,176,64,21,68,153,105,48,142,96,46,34,0
567,2899,1530,1369,515,476,85,1044,682,362,1203,772,431,920,17
168,795,400,395,174,136,0,415,261,154,203,187,16,161,1
623,2919,1566,1353,521,388,16,1626,945,681,1139,761,378,816,37
210,910,460,450,158,0,0,625,325,300,222,174,48,14,0
31513,158543,81644,76899,31578,25586,454,72107,43664,28443,57538,39593,17945,25939,737
31513,158543,81644,76899,31578,25586,454,72107,43664,28443,57538,39593,17945,25939,737
0,0,0,0,0,0,0,0,0,0,0,0,0,0,0
682,3415,1777,1638,630,749,33,1672,1018,654,1188,921,267,394,23
0,0,0,0,0,0,0,0,0,0,0,0,0,0,0
2016,10242,5302,4940,2068,1872,11,4491,2668,1823,4493,2612,1881,2244,12
221,1124,555,569,203,688,8,430,255,175,585,302,283,353,4
0,0,0,0,0,0,0,0,0,0,0,0,0,0,0
202,899,479,420,144,105,0,493,301,192,323,235,88,114,0
280,1180,624,556,207,0,0,630,378,252,392,309,83,129,16
473,2181,1118,1063,361,450,6,973,624,349,922,608,314,343,0
678,2875,1497,1378,551,920,4,1232,725,507,928,711,217,406,0
0,0,0,0,0,0,0,0,0,0,0,0,0,0,0
960,4685,2405,2280,830,1367,1,2357,1423,934,1757,1182,575,842,2
155,738,375,363,119,0,0,454,267,187,216,190,26,35,0
554,2701,1418,1283,520,313,46,1307,833,474,775,657,118,419,3
10,37,21,16,5,0,0,25,16,9,12,9,3,3,0
1167,5816,3029,2787,915,649,0,3250,1962,1288,1752,1437,315,438,12
121,651,354,297,119,0,0,387,228,159,167,156,11,62,1
96,432,201,231,83,0,1,267,148,119,158,111,47,117,0
70,390,198,192,81,0,0,164,94,70,196,108,88,185,0
824,4228,2202,2026,748,943,2,2085,1255,830,1863,1086,777,815,63
649,3092,1614,1478,590,709,1,1484,915,569,1216,759,457,724,0
1307,6839,3492,3347,1336,738,1,3598,2116,1482,2593,1711,882,969,138
373,2021,1072,949,394,780,1,933,577,356,873,525,348,523,7
210,1212,605,607,279,447,2,382,220,162,535,288,247,331,3
1597,9378,4754,4624,2197,894,7,3943,2261,1682,3269,2151,1118,1467,23
1431,7274,3755,3519,1302,1261,40,3920,2378,1542,2553,1766,787,850,59
186,812,409,403,180,448,0,293,183,110,361,205,156,243,0
41,213,112,101,44,179,0,98,55,43,116,62,54,111,0
479,2462,1236,1226,428,317,10,1463,834,629,761,612,149,285,2
1029,5356,2729,2627,1103,1082,16,2541,1489,1052,1678,1297,381,456,56
500,2216,1175,1041,387,204,0,1078,702,376,644,573,71,245,3
190,898,452,446,177,400,0,259,141,118,257,201,56,127,1
1234,6165,3117,3048,1250,1350,147,2991,1765,1226,1972,1446,526,975,143
1394,7033,3613,3420,1591,1095,3,2665,1673,992,2616,1822,794,1054,28
800,4024,2046,1978,825,190,2,1858,1131,727,1179,958,221,750,4
222,1205,614,591,322,566,14,401,241,160,314,274,40,178,39
447,2214,1131,1083,595,70,0,639,408,231,591,494,97,331,2
555,2725,1443,1282,580,547,4,979,648,331,959,691,268,632,0
850,4164,2112,2052,834,44,0,2081,1220,861,2103,1204,899,729,1
205,1019,525,494,186,6,0,477,307,170,398,260,138,214,0
280,1524,784,740,287,124,1,687,456,231,641,378,263,205,0
418,1963,1023,940,422,369,1,734,460,274,639,495,144,329,0
564,3013,1581,1432,544,62,1,1185,780,405,964,740,224,493,3
1988,9998,5190,4808,2060,818,2,3402,2113,1289,3610,2507,1103,2134,17
620,3297,1695,1602,674,422,2,1607,973,634,1467,888,579,350,11
276,1849,946,903,491,0,0,705,367,338,573,416,157,287,0
277,1534,792,742,387,213,2,591,344,247,462,324,138,281,1
69,319,170,149,71,89,5,111,74,37,150,79,71,107,0
85,492,251,241,85,15,0,289,162,127,209,126,83,181,1
1008,5033,2584,2449,1045,1954,39,2085,1307,778,2040,1275,765,1101,4
552,3022,1501,1521,657,174,5,1230,733,497,850,635,215,534,13
367,1660,878,782,271,54,0,925,565,360,613,425,188,135,2
461,2017,1045,972,369,409,35,887,581,306,1011,571,440,357,18
427,1808,924,884,352,17,0,856,517,339,616,457,159,134,6
954,4664,2412,2252,854,601,0,2216,1371,845,1566,1192,374,458,13
478,2237,1173,1064,413,317,0,1033,634,399,677,592,85,459,2
245,1266,636,630,291,565,1,566,356,210,456,293,163,280,0
236,931,498,433,121,0,0,698,412,286,279,267,12,21,1
51258,248369,128843,119526,51750,19007,1224,103885,64861,39024,84352,62251,22101,30093,1329
51258,248369,128843,119526,51750,19007,1224,103885,64861,39024,84352,62251,22101,30093,1329
0,0,0,0,0,0,0,0,0,0,0,0,0,0,0
2577,12456,6538,5918,2258,549,56,6061,3844,2217,4035,3234,801,1700,44
134,533,262,271,112,65,0,224,136,88,277,139,138,29,1
601,2982,1578,1404,553,268,0,1296,899,397,1219,817,402,345,2
676,3231,1653,1578,629,554,0,1199,751,448,1115,858,257,480,21
588,2936,1525,1411,610,62,0,1067,706,361,964,784,180,204,6
674,3430,1779,1651,619,574,44,1836,1167,669,1171,885,286,397,51
920,4624,2394,2230,1055,0,0,1354,954,400,1828,1250,578,462,13
623,2643,1341,1302,606,252,0,1015,646,369,827,644,183,385,7
584,2796,1431,1365,630,0,0,466,335,131,751,681,70,342,2
285,1309,659,650,285,0,0,318,190,128,510,330,180,180,0
1349,6900,3587,3313,1345,442,0,2931,1853,1078,2560,1709,851,1282,13
543,3503,1797,1706,815,1006,2,1526,974,552,1468,881,587,623,200
1105,5569,2820,2749,1338,2001,1,2001,1218,783,1878,1262,616,653,116
873,4296,2227,2069,806,1233,44,1234,727,507,1483,1123,360,819,9
171,683,343,340,114,59,0,342,213,129,221,188,33,1,0
638,2914,1534,1380,528,165,41,1383,898,485,790,705,85,311,18
508,2174,1104,1070,353,167,0,1044,665,379,644,559,85,187,10
736,3469,1764,1705,585,0,0,1737,1088,649,1284,921,363,153,6
583,2555,1297,1258,548,48,0,1186,722,464,1139,685,454,3,1
799,4360,2262,2098,962,0,0,1528,965,563,1132,980,152,145,1
76,349,190,159,68,0,0,84,58,26,91,81,10,14,0
233,1003,534,469,164,280,2,511,307,204,305,254,51,108,7
651,2874,1506,1368,592,641,0,1331,858,473,1150,808,342,61,6
157,713,366,347,139,0,0,417,242,175,164,160,4,42,1
212,1031,536,495,194,171,0,593,379,214,253,251,2,56,0
123,517,279,238,109,123,15,298,200,98,132,120,12,91,0
133,595,319,276,101,0,0,191,134,57,271,137,134,189,0
211,1014,533,481,163,47,98,483,329,154,325,256,69,94,1
1877,10377,5236,5141,2373,13,0,2816,1826,990,4070,2600,1470,539,5
1208,6242,3237,3005,1391,172,0,2258,1516,742,2399,1669,730,1089,268
448,1997,1047,950,330,358,25,980,594,386,618,525,93,366,2
220,904,477,427,137,0,54,435,270,165,454,264,190,151,6
102,498,237,261,102,28,39,256,145,111,151,114,37,106,0
449,2153,1139,1014,445,970,25,1063,632,431,859,571,288,614,30
123,719,373,346,109,0,22,443,289,154,206,188,18,66,1
379,1710,886,824,320,58,60,956,586,370,424,398,26,224,1
264,1489,728,761,300,0,0,616,405,211,481,359,122,177,17
165,748,380,368,149,0,0,341,237,104,199,191,8,40,1
219,1081,552,529,165,0,0,476,272,204,352,246,106,71,1
150,768,415,353,153,322,61,328,215,113,378,198,180,333,4
169,629,330,299,118,218,0,278,189,89,167,160,7,0,0
178,765,397,368,135,324,11,375,236,139,320,226,94,52,0
106,467,244,223,85,274,0,190,117,73,178,125,53,33,0
236,1191,616,575,269,215,43,555,364,191,394,320,74,112,2
145,645,318,327,159,129,59,299,176,123,187,152,35,114,15
469,2169,1132,1037,451,40,83,987,640,347,625,541,84,390,5
336,1699,896,803,376,133,0,878,583,295,433,418,15,268,2
7,66,30,36,19,1,0,20,15,5,22,22,0,1,0
455,2164,1152,1012,447,147,2,1003,634,369,609,542,67,374,3
57,290,153,137,52,0,0,100,66,34,95,93,2,89,0
181,844,445,399,137,11,0,415,260,155,235,223,12,90,1
267,1245,653,592,261,36,0,637,422,215,315,291,24,143,0
331,1605,844,761,286,172,0,851,548,303,467,438,29,193,11
420,2054,1076,978,397,612,1,906,562,344,586,550,36,127,1
71,373,198,175,87,0,15,183,122,61,106,99,7,0,0
280,1258,632,626,253,209,59,637,370,267,345,302,43,81,0
86,359,199,160,76,0,0,166,99,67,164,105,59,20,0
343,1496,780,716,363,0,0,823,474,349,362,352,10,235,0
425,1803,956,847,400,256,0,706,439,267,613,459,154,7,0
214,1168,582,586,314,0,0,387,232,155,291,273,18,114,0
386,1810,944,866,413,1,12,767,478,289,474,420,54,268,0
42,221,110,111,71,0,0,44,29,15,57,57,0,37,0
217,1166,630,536,268,0,0,472,338,134,227,223,4,139,0
1365,6639,3555,3084,1442,6,0,2781,1675,1106,2404,1573,831,656,9
474,2340,1254,1086,477,74,3,879,556,323,1053,660,393,162,6
4,19,9,10,5,0,0,3,3,0,8,4,4,4,0
308,1578,807,771,371,316,10,404,268,136,599,379,220,81,0
106,513,276,237,82,166,0,186,132,54,263,142,121,113,0
309,1563,804,759,291,141,0,667,405,262,446,381,65,158,16
417,2135,1095,1040,465,205,108,919,630,289,634,574,60,364,0
483,2214,1151,1063,444,575,43,838,549,289,847,678,169,484,3
0,0,0,0,0,0,0,0,0,0,0,0,0,0,0
0,0,0,0,0,0,0,0,0,0,0,0,0,0,0
118,526,270,256,100,0,0,277,174,103,181,136,45,17,4
326,1609,838,771,291,272,9,856,524,332,413,385,28,253,2
578,2618,1381,1237,540,11,0,1418,900,518,1008,674,334,546,3
618,3044,1545,1499,584,238,0,1403,903,500,955,774,181,334,28
532,2462,1254,1208,492,320,0,1001,608,393,1016,601,415,151,20
576,2263,1181,1082,456,0,5,1039,651,388,706,546,160,183,0
292,1481,758,723,281,114,0,703,443,260,449,401,48,225,0
188,727,361,366,116,0,0,379,242,137,214,180,34,7,0
219,992,529,463,160,89,7,546,359,187,253,211,42,82,0
200,1017,535,482,180,0,0,490,297,193,296,266,30,212,1
418,1984,1004,980,361,60,0,993,595,398,609,474,135,161,3
2416,13063,6780,6283,3139,255,0,5042,3031,2011,3554,2970,584,1988,17
683,3089,1599,1490,644,243,0,1162,724,438,1269,842,427,258,46
211,993,536,457,163,70,91,547,334,213,373,268,105,238,0
26,124,63,61,25,0,64,61,36,25,49,36,13,22,0
105,438,227,211,50,7,0,276,155,121,125,123,2,85,0
435,1962,1006,956,377,721,5,757,469,288,742,528,214,246,1
0,0,0,0,0,0,0,0,0,0,0,0,0,0,0
457,1830,940,890,327,615,0,805,470,335,786,454,332,391,6
218,992,506,486,191,42,0,479,284,195,364,233,131,130,0
1053,4982,2584,2398,1154,1,0,2327,1428,899,1878,1161,717,634,27
322,1555,797,758,397,0,0,545,293,252,365,346,19,279,1
98,489,247,242,78,0,0,305,151,154,232,135,97,68,0
625,3036,1594,1442,735,0,0,1013,600,413,1116,715,401,336,2
366,1692,893,799,378,0,0,682,427,255,505,417,88,278,0
1472,7173,3791,3382,1710,0,0,1994,1255,739,2695,1774,921,859,0
524,2528,1342,1186,536,61,0,1169,759,410,792,675,117,410,35
3570,17313,8905,8408,3765,213,0,8031,4608,3423,5196,3976,1220,1922,8
988,4539,2385,2154,870,40,0,2201,1411,790,1480,1117,363,510,105
434,1884,1001,883,376,683,5,699,445,254,732,481,251,320,1
443,2144,1145,999,411,27,0,1084,641,443,742,555,187,198,1
157,691,357,334,150,0,0,217,119,98,390,208,182,4,0
1132,5583,2907,2676,1258,36,0,1975,1235,740,2511,1609,902,557,72
204,913,449,464,186,0,0,429,234,195,252,173,79,148,0
65725,322192,167889,154303,71399,11339,651,132926,80001,52925,101684,78618,23066,38537,1168
65725,322192,167889,154303,71399,11339,651,132926,80001,52925,101684,78618,23066,38537,1168
0,0,0,0,0,0,0,0,0,0,0,0,0,0,0
183,864,455,409,171,232,27,417,255,162,339,237,102,88,0
884,4489,2340,2149,899,475,0,1758,1077,681,1551,1213,338,575,5
553,2593,1349,1244,518,683,1,1381,827,554,908,668,240,341,12
538,2526,1296,1230,559,244,42,1171,753,418,750,654,96,456,27
678,3424,1807,1617,770,30,0,1547,953,594,862,817,45,654,0
373,1653,846,807,337,0,204,900,506,394,447,408,39,144,0
484,2351,1238,1113,567,335,1,1047,661,386,639,574,65,62,15
254,1250,635,615,287,0,62,456,275,181,351,303,48,293,8
867,4220,2197,2023,959,226,0,1930,1173,757,1102,880,222,453,2
669,3207,1688,1519,708,0,0,1037,659,378,918,816,102,625,2
693,3288,1724,1564,771,0,0,853,533,320,821,741,80,458,1
711,3341,1734,1607,707,140,0,1492,830,662,910,746,164,554,9
679,3283,1687,1596,668,0,0,1527,872,655,837,763,74,390,0
122,582,288,294,160,0,0,95,56,39,128,117,11,97,0
1268,6289,3270,3019,1415,0,0,2432,1445,987,1903,1487,416,534,106
807,3929,2003,1926,986,444,0,1648,931,717,1278,950,328,863,4
667,3269,1710,1559,697,217,0,1723,1005,718,1039,816,223,306,35
173,690,357,333,125,0,0,359,205,154,281,191,90,88,1
948,5062,2667,2395,1188,133,0,1995,1193,802,1661,1223,438,553,134
1525,7592,3942,3650,1652,0,0,3434,2064,1370,2506,1828,678,928,48
367,1706,883,823,433,0,0,749,430,319,527,410,117,170,0
2687,12946,6706,6240,2991,218,0,3834,2371,1463,4175,3115,1060,1696,39
2165,10739,5757,4982,2258,51,0,4096,2563,1533,3249,2566,683,921,13
1624,8029,4137,3892,1840,54,0,3285,1938,1347,2709,2043,666,1185,16
444,2109,1131,978,499,42,0,859,542,317,642,533,109,268,2
523,2485,1319,1166,508,0,0,1224,774,450,750,566,184,178,1
808,3799,1957,1842,893,61,3,1814,1139,675,922,863,59,487,13
432,2359,1249,1110,438,0,0,996,590,406,603,578,25,25,1
2493,12824,6648,6176,2869,334,77,5057,2993,2064,3629,2921,708,1059,21
419,2241,1149,1092,555,0,0,792,512,280,612,523,89,381,15
307,1589,807,782,312,11,0,986,552,434,506,452,54,25,0
273,1377,749,628,336,0,0,531,329,202,384,320,64,121,12
310,1414,714,700,318,0,0,524,294,230,564,420,144,143,53
215,1040,554,486,210,98,0,447,266,181,658,390,268,84,1
72,389,180,209,83,173,0,60,32,28,98,95,3,96,1
264,1275,694,581,223,17,0,644,417,227,301,288,13,240,0
549,2653,1399,1254,534,0,0,1098,676,422,866,668,198,362,0
376,1918,1009,909,489,54,0,717,427,290,533,479,54,319,4
24,129,61,68,33,29,0,42,20,22,42,32,10,33,5
685,3491,1814,1677,767,0,0,1442,864,578,928,844,84,516,5
0,0,0,0,0,0,0,0,0,0,0,0,0,0,0
466,2437,1264,1173,507,253,0,965,592,373,598,580,18,256,3
1610,7379,3819,3560,1574,116,0,3163,1876,1287,2120,1787,333,599,9
402,1835,964,871,423,45,0,673,423,250,554,484,70,55,39
444,2038,1012,1026,508,29,1,719,430,289,555,493,62,187,0
225,1093,570,523,220,98,0,730,409,321,301,291,10,223,0
841,4016,2091,1925,753,38,0,1836,1192,644,1047,945,102,445,3
870,3540,1853,1687,695,185,7,1468,920,548,967,917,50,506,4
537,2588,1390,1198,565,114,104,1151,741,410,757,690,67,372,4
124,591,309,282,139,0,0,229,136,93,121,119,2,92,0
783,4019,2106,1913,986,39,0,1571,941,630,1318,971,347,314,24
380,1806,924,882,446,0,0,555,362,193,662,402,260,465,0
723,3571,1871,1700,846,27,0,1277,793,484,927,817,110,291,2
768,3714,1916,1798,878,114,0,1395,871,524,1071,897,174,527,7
369,1676,877,799,330,180,10,743,441,302,655,429,226,404,21
2396,11525,6047,5478,2577,364,2,4537,2792,1745,4076,2842,1234,1534,11
1473,8278,4276,4002,1828,312,0,3672,2216,1456,2461,2025,436,884,46
1001,4876,2487,2389,1280,20,0,1805,1141,664,1455,1136,319,185,3
240,1171,599,572,317,0,0,404,248,156,413,302,111,152,3
1898,9038,4710,4328,1818,469,0,3860,2405,1455,3151,2325,826,1226,39
646,3300,1668,1632,793,75,1,1400,809,591,1058,772,286,246,69
113,498,269,229,93,8,0,210,150,60,183,137,46,52,0
982,5037,2637,2400,1062,120,0,2003,1176,827,1214,1147,67,341,3
619,3008,1534,1474,761,10,0,1261,696,565,1006,735,271,561,0
758,3618,1925,1693,815,230,0,1443,866,577,1316,932,384,385,77
810,3961,2080,1881,906,0,0,1221,719,502,1600,1034,566,677,30
90,458,242,216,105,0,0,238,143,95,161,101,60,45,0
790,4119,2134,1985,907,525,1,1946,1092,854,1357,946,411,319,6
89,555,301,254,131,0,0,183,111,72,269,157,112,102,5
1005,4709,2490,2219,971,451,1,2604,1497,1107,1749,1108,641,316,0
881,4114,2145,1969,914,460,4,1723,1033,690,1771,1045,726,582,1
927,4814,2481,2333,1218,0,0,1804,1060,744,1758,1181,577,751,4
337,1623,860,763,374,78,0,750,446,304,577,414,163,165,1
219,1009,501,508,252,195,1,359,196,163,267,241,26,92,4
150,760,397,363,148,0,0,474,244,230,158,154,4,141,0
2215,11119,5827,5292,2411,5,0,4940,2951,1989,3520,2618,902,1547,17
340,1755,908,847,400,0,0,774,448,326,452,408,44,301,1
452,2211,1183,1028,492,0,0,954,609,345,567,524,43,314,0
102,558,286,272,122,0,0,83,51,32,160,158,2,74,1
148,704,376,328,174,84,0,204,120,84,253,173,80,62,3
628,2745,1379,1366,571,589,1,1454,801,653,1025,693,332,157,0
202,995,521,474,257,458,77,407,244,163,454,287,167,124,5
236,1152,559,593,302,0,0,497,289,208,534,273,261,205,1
74,311,166,145,66,138,24,200,114,86,163,86,77,17,0
375,1675,818,857,407,550,0,691,382,309,653,402,251,412,7
483,2224,1170,1054,495,187,0,880,527,353,866,558,308,305,3
589,2766,1445,1321,620,0,0,1140,703,437,1138,674,464,164,1
959,4990,2607,2383,1088,0,0,2256,1335,921,1816,1221,595,413,55
1143,5547,2968,2579,998,57,0,2107,1313,794,1610,1309,301,562,19
261,1491,775,716,316,0,0,680,351,329,560,355,205,340,2
292,1516,762,754,366,0,0,611,352,259,437,341,96,291,0
179,949,501,448,201,36,0,406,244,162,298,271,27,157,0
69,323,183,140,56,0,0,185,111,74,95,81,14,34,1
846,4049,2158,1891,779,40,0,1766,1015,751,1257,1053,204,505,3
1238,6074,3141,2933,1413,88,0,2530,1531,999,1647,1489,158,609,0
518,2400,1237,1163,500,0,0,928,555,373,824,645,179,284,1
1148,5825,3027,2798,1312,129,0,1833,1109,724,1650,1477,173,633,2
716,3566,1888,1678,741,43,0,1683,1079,604,1485,923,562,436,15
433,2059,1105,954,439,79,0,946,598,348,638,505,133,328,2
