No of Households,Total Population Person,Total Population Male,Total Population Female,Population in the age group 0-6 Person,Scheduled Castes population Person,Scheduled Tribes population Person,Literates Population Person,Literates Population Male,Literates Population Female,Total Worker Population Person,Total Worker Population Male,Total Worker Population Female,Main Agricultural Labourers Population Person,Main Household Industries Population Person
28581,141039,72740,68299,28352,15409,3286,61390,38580,22810,42631,36337,6294,18522,487
28581,141039,72740,68299,28352,15409,3286,61390,38580,22810,42631,36337,6294,18522,487
0,0,0,0,0,0,0,0,0,0,0,0,0,0,0
1007,4595,2325,2270,951,1102,128,2009,1273,736,1630,1252,378,520,13
148,713,383,330,154,0,0,327,216,111,187,156,31,118,0
105,503,259,244,123,0,189,196,132,64,144,127,17,54,0
42,249,123,126,49,0,0,131,72,59,64,63,1,13,0
335,1750,883,867,353,19,0,810,534,276,491,445,46,310,0
725,3599,1838,1761,789,64,0,1535,927,608,1062,970,92,229,25
135,604,306,298,132,97,0,275,164,111,150,137,13,61,31
944,4594,2324,2270,918,131,11,2227,1334,893,1372,1191,181,660,51
109,617,316,301,105,0,0,372,218,154,172,165,7,68,0
3,16,7,9,2,0,0,5,3,2,4,4,0,4,0
114,462,228,234,74,103,77,180,118,62,129,116,13,64,1
69,313,165,148,69,51,25,167,106,61,88,85,3,56,0
1131,5361,2755,2606,1030,738,210,2283,1461,822,1729,1390,339,468,4
0,0,0,0,0,0,0,0,0,0,0,0,0,0,0
980,4983,2547,2436,1041,71,447,1961,1263,698,1562,1327,235,988,14
374,1790,911,879,360,206,154,803,509,294,591,435,156,157,0
513,2320,1154,1166,532,231,1,1185,725,460,651,596,55,196,0
235,1198,633,565,240,136,29,616,385,231,388,309,79,214,58
16,76,35,41,21,0,0,27,15,12,19,15,4,0,0
46,227,120,107,41,14,0,116,72,44,58,54,4,0,0
416,2283,1173,1110,489,144,0,699,473,226,612,510,102,301,7
277,1399,754,645,271,20,248,568,366,202,439,371,68,289,0
187,972,508,464,182,68,0,714,386,328,421,280,141,188,0
180,789,398,391,149,159,19,436,238,198,241,210,31,135,0
1079,5224,2697,2527,1105,707,0,2466,1479,987,1685,1329,356,537,68
232,1208,623,585,261,128,0,726,463,263,334,314,20,119,4
490,2470,1287,1183,530,127,99,1251,830,421,643,620,23,395,0
1627,8947,4633,4314,1818,478,122,3337,2159,1178,2871,2287,584,758,8
149,626,324,302,130,116,1,276,169,107,156,142,14,1,3
220,1007,512,495,176,131,180,584,344,240,328,260,68,214,26
754,3963,2076,1887,727,309,380,1805,1168,637,1144,1075,69,391,3
103,462,242,220,80,134,74,222,143,79,118,102,16,1,0
128,679,350,329,118,32,0,362,232,130,190,175,15,46,1
394,2097,1071,1026,496,145,0,826,511,315,542,484,58,290,1
894,4558,2342,2216,884,182,64,1867,1142,725,1332,1150,182,529,0
145,644,337,307,101,0,54,369,244,125,200,188,12,106,0
245,1166,606,560,135,119,2,856,495,361,341,287,54,154,0
91,418,218,200,90,68,0,182,116,66,104,104,0,96,0
793,3897,2056,1841,835,808,3,1343,893,450,1046,1020,26,613,3
82,390,204,186,76,0,0,132,88,44,116,104,12,104,0
102,512,261,251,114,0,0,72,43,29,127,117,10,117,0
113,659,346,313,114,21,0,300,193,107,188,185,3,177,0
355,1847,936,911,400,59,75,646,411,235,568,529,39,342,1
139,717,390,327,86,17,0,359,235,124,210,206,4,173,1
197,1019,540,479,161,40,0,421,261,160,327,301,26,120,24
271,1558,804,754,308,112,1,663,373,290,467,398,69,152,0
134,703,373,330,104,0,0,203,129,74,295,213,82,95,0
1165,6202,3164,3038,1272,791,4,2481,1584,897,1737,1568,169,857,22
728,3885,1957,1928,844,39,0,1402,909,493,1156,1013,143,464,8
648,3323,1724,1599,780,831,4,1187,767,420,921,845,76,511,6
729,3620,1876,1744,821,669,1,1188,785,403,1096,866,230,293,4
663,3566,1895,1671,722,235,0,1422,914,508,1008,937,71,544,2
223,1129,567,562,222,544,2,598,347,251,380,271,109,87,0
748,3465,1814,1651,806,842,4,1228,751,477,961,868,93,617,4
419,1854,956,898,334,113,106,1008,616,392,677,451,226,360,3
356,1491,744,747,321,245,1,599,403,196,421,365,56,168,3
81,363,188,175,86,301,0,135,74,61,90,84,6,67,0
454,1990,1030,960,387,342,7,925,585,340,764,578,186,121,2
233,1183,606,577,238,0,167,541,323,218,306,289,17,155,0
102,460,245,215,81,113,0,214,151,63,215,135,80,31,0
138,626,314,312,111,109,33,339,203,136,439,243,196,2,0
169,725,378,347,83,131,33,464,292,172,199,182,17,127,0
320,1590,822,768,299,110,0,659,462,197,441,422,19,229,1
327,1418,740,678,292,175,50,669,446,223,433,377,56,170,18
184,832,427,405,155,181,0,437,270,167,243,228,15,93,0
123,666,340,326,121,0,0,291,180,111,180,166,14,81,0
239,959,513,446,194,319,0,524,363,161,278,263,15,190,0
294,1412,755,657,242,293,85,709,459,250,377,355,22,233,0
319,1477,776,701,320,628,13,493,277,216,552,347,205,252,37
322,1599,854,745,288,177,0,768,482,286,428,401,27,294,0
0,0,0,0,0,0,0,0,0,0,0,0,0,0,0
204,962,489,473,167,0,0,298,197,101,253,236,17,83,0
549,2883,1511,1372,544,113,0,1258,775,483,797,656,141,605,1
0,0,0,0,0,0,0,0,0,0,0,0,0,0,0
53,197,93,104,46,58,48,92,49,43,69,53,16,12,0
88,317,182,135,45,46,0,222,139,83,99,87,12,0,0
203,881,456,425,150,118,63,479,304,175,227,205,22,159,0
634,2743,1418,1325,469,182,29,1489,906,583,811,763,48,330,5
131,691,347,344,108,9,10,325,193,132,205,186,19,158,0
377,1967,998,969,394,26,33,1062,626,436,633,480,153,247,19
530,2379,1188,1191,486,582,0,974,637,337,699,619,80,359,5
42381,208356,106454,101902,45750,12919,13552,80256,48416,31840,66751,51724,15027,26913,457
42381,208356,106454,101902,45750,12919,13552,80256,48416,31840,66751,51724,15027,26913,457
0,0,0,0,0,0,0,0,0,0,0,0,0,0,0
223,1143,574,569,228,110,21,589,323,266,579,316,263,4,0
689,3603,1805,1798,913,269,122,1438,790,648,994,817,177,382,0
95,493,262,231,101,1,182,182,124,58,244,129,115,10,0
972,4584,2360,2224,1010,319,1212,2109,1279,830,1663,1092,571,361,8
362,1890,1010,880,468,0,28,396,263,133,464,432,32,125,1
221,1245,648,597,357,80,148,493,333,160,252,220,32,139,1
167,788,411,377,180,243,94,303,188,115,326,202,124,229,2
468,2278,1181,1097,503,24,462,965,611,354,994,642,352,295,0
964,4918,2483,2435,1058,57,2201,1383,851,532,2284,1245,1039,1032,4
742,3834,2008,1826,834,153,98,1321,820,501,1243,963,280,889,10
1006,5115,2546,2569,1309,260,674,1527,915,612,1636,1177,459,1227,6
29,151,80,71,28,0,0,86,51,35,34,32,2,14,0
381,2136,1105,1031,519,347,0,490,295,195,537,519,18,323,0
1513,8112,4256,3856,2041,206,777,2526,1553,973,2101,1767,334,1194,2
59,260,136,124,61,126,0,143,91,52,73,64,9,47,0
1014,5310,2743,2567,1249,373,647,2343,1497,846,2297,1408,889,172,9
151,603,307,296,126,98,11,255,173,82,372,191,181,148,0
455,2386,1219,1167,491,269,191,828,563,265,1169,721,448,332,4
313,1241,646,595,190,234,1,671,401,270,373,325,48,130,5
143,573,303,270,121,48,101,232,159,73,133,125,8,16,0
1666,8344,4233,4111,1908,406,103,2660,1573,1087,2301,2108,193,1554,6
1370,6796,3582,3214,1430,255,145,2632,1648,984,2100,1779,321,1165,3
116,558,285,273,107,31,0,225,141,84,146,140,6,0,0
45,227,113,114,29,0,0,103,52,51,45,38,7,12,0
153,688,343,345,153,0,59,132,95,37,297,146,151,4,1
877,3921,1996,1925,960,258,191,1146,685,461,1173,920,253,70,1
114,504,269,235,94,0,0,169,119,50,156,132,24,31,16
119,549,286,263,94,54,0,312,185,127,138,126,12,61,0
2311,10501,5370,5131,2231,726,304,4830,2789,2041,3013,2710,303,1651,29
423,2018,1030,988,462,4,0,915,582,333,495,475,20,181,0
118,663,356,307,157,18,0,245,149,96,179,177,2,34,0
452,2450,1291,1159,618,129,0,877,544,333,640,605,35,233,0
22,107,57,50,34,0,0,29,17,12,22,20,2,4,0
0,0,0,0,0,0,0,0,0,0,0,0,0,0,0
1055,5096,2480,2616,1123,350,28,1842,1062,780,1318,1189,129,754,1
2160,11416,5762,5654,2821,359,412,4005,2325,1680,3873,2661,1212,1582,106
952,4512,2233,2279,1043,938,4,1461,853,608,1546,1153,393,738,18
232,1160,581,579,220,0,0,311,175,136,299,270,29,117,1
430,2151,1007,1144,419,18,0,768,404,364,538,479,59,94,0
380,1988,1022,966,442,283,156,879,524,355,599,513,86,417,1
1082,5082,2632,2450,1119,462,2,1655,1044,611,1579,1396,183,818,2
45,228,112,116,45,0,0,137,77,60,68,64,4,0,0
1047,4933,2509,2424,979,394,208,2010,1164,846,1315,1253,62,747,2
1471,6994,3609,3385,1559,577,0,2727,1680,1047,2059,1776,283,836,20
1743,8522,4326,4196,1809,96,325,3817,2263,1554,2747,2163,584,1234,26
1808,8472,4290,4182,1817,389,191,3123,1919,1204,2417,1977,440,114,6
1017,4943,2540,2403,1037,565,352,2086,1259,827,1446,1249,197,646,1
95,444,248,196,87,0,53,101,63,38,147,133,14,83,0
453,2141,1101,1040,441,229,73,922,552,370,580,509,71,261,4
169,808,418,390,179,339,0,340,213,127,294,215,79,131,0
178,846,456,390,202,99,41,293,199,94,211,190,21,135,0
115,494,263,231,114,145,50,242,152,90,168,133,35,77,0
269,1338,689,649,230,69,41,436,249,187,362,342,20,183,2
1451,7324,3779,3545,1499,399,787,3244,1922,1322,2756,1893,863,924,127
99,484,252,232,84,26,0,202,130,72,277,136,141,4,0
243,1201,614,587,272,108,300,329,223,106,353,311,42,152,1
62,325,169,156,54,34,249,119,73,46,89,81,8,87,0
907,4412,2234,2178,872,166,193,1897,1130,767,1747,1209,538,338,10
222,1127,595,532,229,0,4,531,322,209,311,242,69,50,0
1632,8108,4185,3923,1593,756,1344,3580,2234,1346,3307,2190,1117,1275,10
121,594,311,283,91,65,1,342,225,117,216,172,44,59,0
155,816,418,398,180,106,170,304,195,109,335,201,134,118,0
101,472,233,239,95,0,75,276,160,116,247,124,123,9,0
346,1581,773,808,339,79,77,637,418,219,466,371,95,19,0
195,937,476,461,195,86,0,426,247,179,223,199,24,118,0
260,1198,605,593,293,257,0,477,314,163,373,309,64,279,0
71,337,166,171,82,91,0,126,77,49,124,87,37,124,0
69,352,181,171,37,0,66,128,82,46,140,101,39,130,0
357,1615,828,787,331,34,36,637,375,262,488,419,69,280,0
113,599,301,298,141,0,0,187,116,71,162,156,6,12,0
12,58,27,31,21,0,0,12,9,3,13,13,0,6,0
232,1092,546,546,229,77,69,325,196,129,387,273,114,253,1
631,3275,1652,1623,722,19,0,1189,711,478,891,810,81,386,1
595,2918,1463,1455,583,35,13,1244,670,574,844,669,175,207,9
453,2044,1024,1020,357,32,0,1054,614,440,494,472,22,237,0
152,738,395,343,91,25,58,205,131,74,197,178,19,66,0
73,388,209,179,102,0,0,189,126,63,142,105,37,19,0
63,282,150,132,53,0,76,130,85,45,59,55,4,50,0
816,3922,2010,1912,854,114,326,1824,1075,749,1214,910,304,555,0
108,510,259,251,127,0,0,203,124,79,271,138,133,51,0
388,2090,1027,1063,474,0,0,729,396,333,586,472,114,69,0
54147,273323,140547,132776,57393,13663,14670,107622,64896,42726,95397,69090,26307,45861,874
54147,273323,140547,132776,57393,13663,14670,107622,64896,42726,95397,69090,26307,45861,874
0,0,0,0,0,0,0,0,0,0,0,0,0,0,0
2644,12757,6681,6076,2325,1335,624,6588,3856,2732,4132,3174,958,2227,120
1243,6059,3085,2974,1206,712,1669,2432,1481,951,2413,1533,880,1268,15
981,4668,2383,2285,750,231,1411,2289,1367,922,2167,1342,825,1112,25
96,447,210,237,71,3,322,162,98,64,290,146,144,3,0
432,1984,1031,953,266,79,411,1071,638,433,891,536,355,379,1
0,0,0,0,0,0,0,0,0,0,0,0,0,0,0
0,0,0,0,0,0,0,0,0,0,0,0,0,0,0
0,0,0,0,0,0,0,0,0,0,0,0,0,0,0
250,1193,623,570,159,15,116,649,395,254,491,350,141,275,2
22,105,55,50,23,0,105,39,27,12,38,30,8,37,0
48,212,104,108,27,0,0,137,70,67,70,55,15,68,0
1212,5954,3069,2885,1206,297,1211,2370,1476,894,2270,1571,699,1130,6
1892,9825,5025,4800,2038,507,260,4178,2506,1672,2883,2421,462,1507,12
922,4778,2480,2298,961,23,0,1694,1024,670,1583,1250,333,884,3
2474,12284,6284,6000,2657,1211,340,4048,2478,1570,3795,2996,799,2162,42
689,3518,1797,1721,784,102,0,1441,840,601,1002,869,133,554,11
1140,6099,3136,2963,1311,167,10,2491,1445,1046,2295,1634,661,1550,1
337,1809,941,868,407,3,6,607,356,251,870,466,404,438,4
311,1763,927,836,374,374,24,573,353,220,796,487,309,182,0
576,2995,1567,1428,556,125,1137,1259,782,477,1510,916,594,625,0
70,389,189,200,63,0,182,231,128,103,182,95,87,15,5
136,654,335,319,114,0,285,271,175,96,247,187,60,5,0
0,0,0,0,0,0,0,0,0,0,0,0,0,0,0
29,167,84,83,29,0,123,47,32,15,109,56,53,78,0
91,421,215,206,101,50,324,137,81,56,200,122,78,179,0
51,238,119,119,55,0,57,81,50,31,136,69,67,75,0
313,1525,771,754,289,3,146,465,262,203,503,363,140,390,0
330,1775,932,843,368,0,138,760,448,312,534,444,90,315,5
368,1969,1020,949,411,95,1,644,385,259,525,490,35,388,2
0,0,0,0,0,0,0,0,0,0,0,0,0,0,0
880,4432,2296,2136,911,162,938,1988,1289,699,1441,1143,298,883,0
0,0,0,0,0,0,0,0,0,0,0,0,0,0,0
0,0,0,0,0,0,0,0,0,0,0,0,0,0,0
35,179,101,78,21,0,0,142,83,59,76,57,19,61,0
297,1389,710,679,271,0,65,608,372,236,612,385,227,253,3
734,3782,1974,1808,683,102,0,1454,871,583,1275,1097,178,876,1
308,1757,933,824,368,5,0,664,409,255,663,440,223,379,3
582,2864,1502,1362,633,0,0,1204,713,491,803,724,79,518,0
211,772,398,374,134,0,0,405,265,140,453,233,220,105,17
51,254,134,120,42,124,0,148,92,56,130,71,59,44,0
524,2558,1319,1239,570,231,55,899,533,366,883,660,223,527,7
502,2737,1533,1204,577,241,326,1127,799,328,1111,836,275,227,1
1814,9282,4781,4501,1803,241,173,3077,1909,1168,3574,2412,1162,959,52
240,1135,544,591,288,0,0,395,213,182,258,240,18,68,0
670,3617,1758,1859,892,12,0,1266,703,563,917,705,212,276,4
0,0,0,0,0,0,0,0,0,0,0,0,0,0,0
1776,9276,4799,4477,1983,369,174,3907,2325,1582,3430,2460,970,1521,5
555,2708,1386,1322,535,76,189,718,412,306,998,680,318,691,15
692,3550,1830,1720,766,18,17,1439,838,601,1157,791,366,613,2
415,2195,1138,1057,481,49,175,771,481,290,579,445,134,236,9
127,640,317,323,124,0,0,79,55,24,179,150,29,159,0
323,1667,860,807,463,15,40,545,344,201,669,444,225,344,0
46,199,98,101,49,0,0,100,60,40,77,54,23,21,0
2786,14241,7173,7068,3084,545,541,5158,3184,1974,4502,3207,1295,2487,21
1113,5641,2956,2685,1145,193,85,2296,1386,910,2095,1474,621,813,5
0,0,0,0,0,0,0,0,0,0,0,0,0,0,0
152,791,397,394,168,0,0,141,84,57,214,197,17,13,1
351,1893,988,905,414,143,0,583,356,227,433,384,49,153,1
137,624,315,309,101,13,58,232,142,90,137,116,21,66,0
67,277,138,139,52,0,275,84,48,36,147,74,73,140,1
122,739,370,369,115,0,0,202,110,92,298,232,66,162,12
58,291,139,152,43,0,0,125,63,62,80,57,23,34,1
217,1154,601,553,257,0,0,454,268,186,416,308,108,182,0
171,935,473,462,171,0,0,387,238,149,259,242,17,99,1
350,1600,839,761,284,601,7,452,281,171,463,376,87,11,1
329,1677,824,853,389,0,0,426,283,143,925,495,430,166,6
0,0,0,0,0,0,0,0,0,0,0,0,0,0,0
1482,7439,3742,3697,1768,101,38,2040,1252,788,2510,1901,609,1457,29
104,573,313,260,115,0,5,267,182,85,295,181,114,37,0
205,1037,535,502,250,0,95,411,310,101,367,330,37,192,0
180,889,461,428,188,0,56,320,209,111,246,211,35,114,0
306,1456,740,716,326,95,284,491,299,192,747,398,349,182,3
78,399,212,187,105,0,19,147,77,70,105,96,9,97,0
0,0,0,0,0,0,0,0,0,0,0,0,0,0,0
0,0,0,0,0,0,0,0,0,0,0,0,0,0,0
339,1700,882,818,415,191,124,672,429,243,536,407,129,241,6
857,4521,2371,2150,1027,143,0,1994,1181,813,1558,898,660,1003,30
126,562,300,262,103,92,0,344,202,142,192,176,16,89,7
1014,5048,2525,2523,1236,55,51,2152,1223,929,1717,1147,570,741,77
499,2339,1166,1173,409,178,20,703,430,273,974,606,368,434,65
137,709,385,324,138,2,3,175,115,60,215,213,2,79,0
839,4230,2173,2057,955,104,0,1226,796,430,1565,1035,530,795,3
46,234,118,116,41,0,33,108,61,47,50,42,8,44,0
1,4,3,1,0,0,0,3,3,0,1,1,0,0,0
6,31,16,15,5,0,0,18,12,6,7,7,0,5,0
697,3556,1814,1742,774,126,305,1562,912,650,984,672,312,680,6
137,769,408,361,170,2,241,321,199,122,262,222,40,165,0
134,678,322,356,134,34,33,303,153,150,284,155,129,216,4
390,1998,1056,942,419,205,0,954,601,353,917,584,333,219,0
169,953,468,485,251,63,0,344,177,167,360,217,143,172,0
25,137,78,59,34,0,0,69,49,20,65,40,25,25,0
150,737,387,350,156,0,0,305,172,133,196,187,9,66,0
289,1517,753,764,366,18,0,431,252,179,515,351,164,280,0
483,2537,1248,1289,637,18,6,688,384,304,893,576,317,436,23
47,238,115,123,40,30,0,64,37,27,108,48,60,41,0
55,257,128,129,22,60,177,16,11,5,138,67,71,41,0
91,442,225,217,87,1,93,63,40,23,121,102,19,95,0
29,139,70,69,28,0,0,87,52,35,49,43,6,48,0
100,485,237,248,109,0,0,46,34,12,111,100,11,83,0
599,3091,1559,1532,777,2,39,1078,628,450,1127,712,415,566,1
20,106,55,51,36,0,0,33,25,8,32,29,3,23,0
13,64,28,36,12,15,0,28,18,10,17,13,4,8,0
242,1236,640,596,236,103,0,435,261,174,324,303,21,210,6
791,4202,2109,2093,1038,59,15,1614,953,661,1502,1029,473,611,3
250,1247,664,583,290,24,0,546,323,223,481,335,146,180,1
341,1606,868,738,336,88,146,647,408,239,520,381,139,258,0
1691,8993,4635,4358,1867,426,12,4472,2606,1866,2974,2327,647,758,73
373,1987,1026,961,422,346,0,992,557,435,579,435,144,289,6
81,414,206,208,101,0,45,222,132,90,114,102,12,1,1
448,2284,1181,1103,516,0,0,969,598,371,967,620,347,376,1
385,1880,943,937,417,47,0,803,459,344,874,561,313,204,33
67,331,159,172,85,0,0,123,79,44,138,82,56,48,0
85,423,222,201,93,11,1,204,147,57,97,91,6,67,18
745,3604,1837,1767,717,145,21,1415,939,476,1489,980,509,665,22
384,1907,1000,907,421,79,49,744,468,276,725,537,188,313,0
612,3169,1661,1508,725,14,33,1447,892,555,1008,759,249,350,1
140,609,310,299,149,165,0,268,172,96,167,159,8,135,1
92,444,218,226,99,0,0,151,78,73,117,106,11,57,3
177,903,475,428,229,0,115,234,134,100,251,240,11,195,1
695,3200,1666,1534,624,733,459,959,546,413,1200,876,324,895,0
0,0,0,0,0,0,0,0,0,0,0,0,0,0,0
79,342,194,148,51,7,0,155,100,55,113,104,9,33,1
228,1129,587,542,257,192,0,478,278,200,319,304,15,201,0
445,2244,1155,1089,511,11,0,867,501,366,600,551,49,400,4
261,1198,620,578,210,0,0,487,295,192,331,260,71,111,2
467,2358,1236,1122,481,203,0,1099,678,421,718,583,135,312,8
167,750,398,352,144,113,0,399,238,161,317,222,95,157,0
55,242,118,124,54,0,0,107,60,47,56,49,7,24,0
48,232,121,111,39,19,0,145,91,54,67,64,3,25,0
1238,6026,3172,2854,1156,617,1,2734,1649,1085,1729,1646,83,909,5
0,0,0,0,0,0,0,0,0,0,0,0,0,0,0
465,2231,1139,1092,476,220,131,894,535,359,852,612,240,386,7
156,813,407,406,148,34,0,409,232,177,318,214,104,84,0
52702,262494,135774,126720,53557,9671,17170,107110,63974,43136,85722,65335,20387,34850,862
52702,262494,135774,126720,53557,9671,17170,107110,63974,43136,85722,65335,20387,34850,862
0,0,0,0,0,0,0,0,0,0,0,0,0,0,0
761,3714,1941,1773,781,469,76,1714,987,727,1079,908,171,782,4
504,2500,1287,1213,461,0,11,993,545,448,773,672,101,561,8
249,1227,637,590,236,8,82,560,306,254,315,289,26,194,1
606,3007,1573,1434,648,177,285,1314,820,494,1261,828,433,248,6
272,1162,573,589,234,145,242,301,190,111,391,283,108,74,0
117,575,315,260,88,542,0,350,240,110,252,139,113,233,0
251,1228,657,571,204,232,0,693,442,251,564,349,215,250,19
140,589,298,291,122,124,0,338,196,142,315,174,141,30,3
93,393,218,175,54,9,0,261,159,102,177,122,55,55,9
0,0,0,0,0,0,0,0,0,0,0,0,0,0,0
625,2847,1458,1389,609,8,6,1450,876,574,840,726,114,435,2
295,1182,612,570,223,78,51,624,377,247,362,330,32,164,14
141,584,304,280,112,0,35,271,171,100,209,166,43,4,0
308,1593,870,723,311,106,92,951,577,374,570,405,165,169,2
0,0,0,0,0,0,0,0,0,0,0,0,0,0,0
145,728,360,368,160,0,0,151,72,79,187,180,7,170,0
821,4056,2084,1972,801,13,0,1702,996,706,1218,997,221,479,3
231,1211,638,573,223,39,0,523,314,209,384,338,46,233,13
0,0,0,0,0,0,0,0,0,0,0,0,0,0,0
26,129,58,71,43,0,0,34,18,16,26,21,5,25,0
1792,9302,4783,4519,1872,378,1202,3538,2164,1374,2914,2401,513,1675,34
273,1263,713,550,210,37,0,741,458,283,372,330,42,84,8
562,2870,1520,1350,522,387,0,1254,792,462,1133,745,388,450,17
1213,5419,2721,2698,1142,278,4,2707,1550,1157,1890,1394,496,945,2
434,2148,1095,1053,405,24,0,1028,624,404,795,535,260,431,1
480,2429,1239,1190,546,176,193,1320,763,557,877,570,307,530,0
124,633,318,315,115,0,0,244,140,104,259,127,132,88,0
358,1685,882,803,404,98,44,682,431,251,854,454,400,252,2
243,1172,579,593,207,26,118,585,350,235,653,348,305,186,3
144,695,362,333,132,0,0,291,174,117,386,204,182,213,0
225,974,501,473,189,0,393,454,267,187,502,269,233,168,0
69,371,200,171,66,8,88,153,102,51,118,98,20,104,0
952,4875,2547,2328,1112,57,525,2210,1294,916,1480,1072,408,540,0
616,3097,1578,1519,670,23,514,1482,916,566,1240,824,416,428,0
88,432,231,201,59,0,96,227,130,97,177,108,69,100,0
0,0,0,0,0,0,0,0,0,0,0,0,0,0,0
409,1856,969,887,351,0,269,848,549,299,674,543,131,118,9
0,0,0,0,0,0,0,0,0,0,0,0,0,0,0
23,123,66,57,30,0,0,52,30,22,41,34,7,1,0
0,0,0,0,0,0,0,0,0,0,0,0,0,0,0
185,929,458,471,174,21,0,268,195,73,375,226,149,102,0
514,2481,1260,1221,567,31,0,672,416,256,632,525,107,380,1
98,496,270,226,102,0,55,112,68,44,143,125,18,75,0
234,1328,702,626,287,0,0,431,273,158,294,272,22,51,0
77,409,219,190,79,0,0,95,59,36,172,94,78,24,0
304,1559,816,743,316,0,0,603,411,192,467,383,84,113,2
156,930,493,437,170,0,0,81,59,22,344,175,169,291,0
229,1118,578,540,242,0,86,476,299,177,348,306,42,0,1
25,77,41,36,12,4,20,46,32,14,35,33,2,0,0
604,3208,1633,1575,692,156,479,1555,946,609,1453,894,559,397,9
57,275,142,133,34,0,0,198,117,81,107,82,25,3,0
596,3042,1566,1476,668,42,910,1211,741,470,1386,855,531,587,14
339,1813,949,864,249,0,0,1044,584,460,490,418,72,329,23
444,2300,1203,1097,452,69,0,968,574,394,553,519,34,5,11
146,699,360,339,144,0,84,281,158,123,142,135,7,0,0
503,2302,1183,1119,479,228,160,1177,651,526,626,540,86,188,13
241,1154,614,540,204,29,183,482,318,164,444,263,181,295,1
1063,5662,2856,2806,1238,223,85,1720,969,751,1589,1216,373,693,7
236,963,473,490,204,0,963,305,189,116,454,247,207,177,0
247,1435,759,676,319,23,0,589,333,256,475,367,108,239,0
368,1914,979,935,393,0,0,758,445,313,508,456,52,319,4
98,475,267,208,67,12,0,159,117,42,139,123,16,110,1
36,157,73,84,39,0,0,86,47,39,43,38,5,0,0
708,3175,1589,1586,582,186,274,1310,795,515,965,776,189,33,11
670,3377,1789,1588,633,10,0,1384,840,544,1033,879,154,22,1
115,554,296,258,125,0,187,186,113,73,168,150,18,1,0
25,93,49,44,24,0,0,14,10,4,24,19,5,14,0
255,1256,665,591,243,0,0,278,201,77,343,314,29,113,0
240,1069,539,530,205,0,1065,444,280,164,701,354,347,10,0
46,212,113,99,40,0,0,92,52,40,50,45,5,0,0
655,3394,1822,1572,687,110,196,1442,890,552,927,849,78,189,1
54,245,134,111,42,0,0,127,85,42,84,78,6,0,0
127,505,256,249,77,17,336,218,133,85,142,119,23,8,0
99,634,298,336,99,15,108,344,169,175,159,133,26,59,8
468,2399,1233,1166,480,0,0,965,545,420,712,546,166,112,1
192,1062,555,507,215,0,0,540,295,245,255,229,26,130,1
271,1452,736,716,315,35,0,652,389,263,448,378,70,117,6
129,606,306,300,141,121,319,261,176,85,176,155,21,125,2
1142,6006,3120,2886,1315,136,0,2214,1358,856,1580,1361,219,529,29
577,3047,1606,1441,611,0,0,1073,654,419,829,714,115,267,5
122,640,314,326,144,0,0,122,59,63,160,154,6,160,0
501,2575,1333,1242,577,145,0,875,509,366,900,589,311,233,9
764,3617,1875,1742,743,21,720,1501,898,603,1155,952,203,670,105
102,555,289,266,108,0,0,184,102,82,160,148,12,51,0
34,159,83,76,29,0,0,66,40,26,55,47,8,33,0
484,2635,1344,1291,667,31,771,1044,632,412,943,640,303,507,0
129,646,331,315,134,8,294,128,69,59,179,168,11,43,0
462,2220,1138,1082,517,48,216,800,500,300,694,544,150,523,1
434,2232,1108,1124,563,0,0,605,346,259,759,519,240,367,1
473,2420,1230,1190,618,38,88,1034,576,458,541,494,47,104,4
170,903,463,440,183,0,0,389,219,170,180,172,8,43,0
137,731,399,332,146,0,0,349,204,145,183,171,12,64,0
648,3446,1773,1673,750,264,0,1277,736,541,859,792,67,466,3
63,299,158,141,80,47,0,140,87,53,92,85,7,30,2
241,1268,686,582,256,16,275,559,327,232,391,358,33,195,0
660,3311,1719,1592,680,14,92,1643,1002,641,1102,854,248,660,22
80,366,201,165,64,0,0,243,150,93,94,79,15,73,0
101,458,234,224,80,0,455,128,75,53,191,146,45,153,0
1597,7996,4155,3841,1815,299,780,2955,1828,1127,2377,1818,559,1638,22
555,2641,1312,1329,627,1,953,793,457,336,881,582,299,375,4
144,723,356,367,154,0,472,325,192,133,226,180,46,70,0
1188,5993,3110,2883,1200,268,103,2713,1567,1146,1529,1341,188,643,7
324,1564,809,755,367,12,68,642,386,256,596,361,235,208,2
207,1052,516,536,244,0,68,319,171,148,351,240,111,75,0
113,528,282,246,75,0,76,327,191,136,159,138,21,61,1
316,1665,841,824,342,0,162,917,488,429,550,385,165,129,67
118,706,370,336,168,0,0,259,184,75,289,163,126,130,0
358,1501,813,688,206,227,45,792,515,277,548,390,158,189,129
11,44,20,24,12,0,38,9,6,3,13,12,1,13,0
738,3602,1916,1686,670,48,245,1318,780,538,1167,947,220,642,3
449,2247,1179,1068,400,0,14,1014,611,403,619,535,84,180,2
115,528,278,250,79,44,90,207,122,85,213,165,48,132,8
260,1274,657,617,295,288,37,526,323,203,462,319,143,190,3
194,974,490,484,186,0,0,470,285,185,290,275,15,135,0
48,233,132,101,28,0,0,108,83,25,83,79,4,16,0
422,1672,925,747,275,0,0,990,647,343,592,522,70,46,11
280,1542,767,775,409,415,50,476,305,171,524,360,164,133,13
364,1586,838,748,284,175,0,798,468,330,469,391,78,114,2
415,2075,1088,987,428,225,0,885,520,365,587,511,76,333,0
90,506,267,239,112,0,0,340,197,143,108,103,5,2,0
34,172,88,84,40,0,0,42,21,21,44,43,1,25,0
156,777,382,395,156,22,0,200,104,96,229,201,28,132,0
52,232,130,102,51,0,0,81,57,24,55,50,5,52,0
287,1450,744,706,292,0,0,512,262,250,615,402,213,285,3
890,4374,2261,2113,795,667,0,1642,966,676,1223,1022,201,637,2
902,4627,2357,2270,992,92,109,1359,838,521,1842,1230,612,506,2
159,838,419,419,167,0,0,442,252,190,178,172,6,155,1
218,1031,547,484,177,0,176,413,254,159,340,279,61,84,0
136,681,341,340,160,0,0,332,178,154,313,184,129,172,0
1834,9292,4799,4493,1612,426,485,3918,2280,1638,3350,2314,1036,1152,11
668,3640,1891,1749,735,32,0,1284,761,523,1595,1000,595,214,8
330,1678,859,819,334,0,0,623,374,249,573,450,123,86,0
330,1578,823,755,352,13,0,576,330,246,416,370,46,280,2
118,537,274,263,111,0,0,165,89,76,179,149,30,163,2
254,1291,675,616,241,0,6,467,270,197,383,360,23,252,0
2500,12110,6207,5903,2557,270,318,4426,2670,1756,4079,3144,935,1635,77
80,443,247,196,95,0,10,199,138,61,119,107,12,50,1
0,0,0,0,0,0,0,0,0,0,0,0,0,0,0
39,180,93,87,45,0,0,53,30,23,68,43,25,0,0
328,1722,896,826,350,44,97,675,393,282,396,316,80,81,5
1067,5428,2776,2652,1064,38,0,1633,969,664,1431,1301,130,935,2
539,2697,1460,1237,509,246,0,1239,734,505,789,707,82,254,3
266,1278,633,645,249,253,0,548,299,249,327,293,34,67,3
128,746,398,348,151,0,0,232,144,88,199,170,29,150,0
374,1831,954,877,331,0,6,708,456,252,863,528,335,307,4
0,0,0,0,0,0,0,0,0,0,0,0,0,0,0
73,368,187,181,65,0,15,59,37,22,106,97,9,69,0
617,3346,1749,1597,711,24,0,1411,795,616,1300,1023,277,652,3
249,1133,598,535,193,0,0,694,410,284,336,277,59,100,0
45091,216589,106895,109694,45152,10747,5892,98528,55700,42828,63367,51869,11498,23354,729
45091,216589,106895,109694,45152,10747,5892,98528,55700,42828,63367,51869,11498,23354,729
0,0,0,0,0,0,0,0,0,0,0,0,0,0,0
108,512,282,230,117,34,93,226,136,90,148,134,14,85,0
209,1018,492,526,255,0,1,512,277,235,242,227,15,168,0
282,1313,677,636,287,19,0,727,399,328,356,345,11,173,0
296,1537,773,764,296,0,0,714,436,278,446,417,29,107,3
1095,5403,2760,2643,1093,215,0,2596,1530,1066,1507,1282,225,505,9
226,1126,550,576,229,0,0,584,326,258,271,256,15,145,0
76,429,226,203,83,0,0,156,104,52,148,138,10,2,0
273,1339,638,701,259,25,13,855,444,411,309,296,13,38,0
1324,6189,3054,3135,1279,433,0,3046,1661,1385,1836,1614,222,557,22
1040,5259,2713,2546,961,264,0,2508,1468,1040,1374,1233,141,225,6
274,1358,701,657,259,87,0,401,221,180,386,319,67,269,0
110,567,302,265,120,0,0,306,176,130,148,140,8,31,0
151,687,324,363,173,37,0,287,155,132,138,131,7,96,0
187,968,485,483,203,0,0,510,285,225,219,195,24,0,0
233,1181,602,579,245,231,0,580,300,280,302,282,20,127,0
1517,7857,4005,3852,1660,260,1,3383,2037,1346,2181,2041,140,1067,33
236,1222,604,618,297,62,120,469,263,206,387,346,41,251,1
150,776,380,396,149,51,75,410,232,178,225,202,23,218,0
333,2022,1021,1001,618,0,109,684,365,319,500,453,47,210,1
84,471,243,228,125,15,26,66,44,22,252,137,115,121,0
69,412,199,213,97,19,8,182,106,76,122,106,16,34,0
285,1429,728,701,316,21,144,521,288,233,599,379,220,300,0
415,2040,1002,1038,436,53,117,909,505,404,516,436,80,173,3
1082,4911,2489,2422,943,214,379,2580,1511,1069,1628,1337,291,690,3
1006,4371,2106,2265,906,105,221,1938,1056,882,1734,1106,628,440,2
113,528,272,256,99,0,0,229,145,84,149,140,9,74,0
379,1784,915,869,348,232,19,918,558,360,826,551,275,329,5
686,2957,1454,1503,559,6,0,1582,965,617,1039,719,320,539,12
148,688,315,373,146,0,0,313,169,144,186,172,14,123,0
124,697,362,335,136,19,0,255,151,104,196,185,11,86,8
78,382,198,184,66,9,41,159,104,55,299,159,140,54,68
142,661,332,329,136,197,194,234,138,96,259,168,91,3,0
79,375,186,189,76,8,0,170,107,63,87,81,6,3,0
453,2130,1063,1067,458,111,107,988,602,386,743,569,174,225,0
181,866,394,472,189,0,0,403,214,189,182,166,16,8,0
651,3040,1488,1552,602,39,0,1388,797,591,773,738,35,447,0
750,3702,1773,1929,712,57,0,1568,853,715,941,878,63,324,8
710,3238,1462,1776,713,111,0,1518,741,777,734,679,55,237,11
157,758,391,367,134,77,0,401,237,164,198,171,27,23,0
909,3787,1841,1946,784,341,125,1786,1042,744,1072,916,156,592,28
387,1797,835,962,410,103,0,786,425,361,417,372,45,87,3
774,4271,2216,2055,773,225,85,2682,1472,1210,1223,1143,80,514,96
527,2472,1200,1272,439,123,0,1332,739,593,643,602,41,285,1
525,2567,1267,1300,526,283,53,1309,675,634,751,661,90,254,14
188,944,466,478,191,0,0,560,294,266,207,183,24,115,2
124,678,370,308,128,0,0,159,118,41,193,192,1,116,0
180,861,419,442,165,0,0,446,180,266,227,210,17,1,1
0,0,0,0,0,0,0,0,0,0,0,0,0,0,0
181,944,468,476,203,0,0,253,140,113,225,210,15,116,1
546,2462,1234,1228,436,197,14,1314,764,550,739,636,103,187,23
46,205,100,105,44,9,0,123,63,60,44,42,2,21,0
263,1211,615,596,238,76,37,507,302,205,333,320,13,9,4
124,528,277,251,83,189,0,277,190,87,164,153,11,5,0
343,1704,870,834,367,0,0,517,306,211,421,406,15,168,0
423,2016,950,1066,455,329,0,876,498,378,412,391,21,82,1
418,2075,1024,1051,433,67,0,1033,593,440,696,505,191,144,4
308,1721,882,839,355,0,18,869,483,386,438,411,27,150,1
475,2437,1182,1255,428,49,0,1189,704,485,518,496,22,46,0
861,4041,1924,2117,659,15,34,1959,1087,872,848,748,100,276,8
1326,6303,2930,3373,1385,151,192,2714,1429,1285,1537,1325,212,775,7
173,799,379,420,149,36,130,398,206,192,237,194,43,155,0
1462,7209,3591,3618,1449,718,1,3378,1973,1405,2327,1784,543,888,158
266,1196,569,627,280,150,102,551,283,268,301,258,43,120,0
297,1386,611,775,326,1,0,535,289,246,273,245,28,80,15
1548,7198,3515,3683,1593,242,476,2946,1680,1266,2172,1672,500,543,7
216,995,482,513,182,166,45,511,278,233,337,238,99,57,4
689,3262,1573,1689,696,117,98,1445,805,640,1076,770,306,158,11
712,3260,1610,1650,735,155,0,1221,695,526,1058,708,350,295,9
2073,10122,5184,4938,2167,662,643,4980,2981,1999,3239,2517,722,1258,31
29,131,72,59,25,0,0,40,28,12,43,43,0,34,0
0,0,0,0,0,0,0,0,0,0,0,0,0,0,0
1706,8056,4003,4053,1709,197,282,3253,1898,1355,2607,1930,677,1128,24
105,557,269,288,112,23,1,181,108,73,193,151,42,69,6
389,2046,1040,1006,447,107,0,691,415,276,554,522,32,392,2
79,411,199,212,97,0,131,188,97,91,124,94,30,9,0
1186,5855,3013,2842,1181,440,420,2816,1624,1192,1866,1545,321,1000,32
728,3468,1677,1791,756,108,0,1310,701,609,1037,765,272,328,1
149,690,327,363,159,18,103,176,96,80,144,143,1,116,0
370,1707,886,821,397,64,133,653,407,246,476,445,31,225,0
182,910,469,441,162,0,0,369,229,140,246,235,11,150,2
269,1364,708,656,363,139,43,530,317,213,346,297,49,220,1
525,2425,1179,1246,547,255,40,1115,595,520,653,540,113,241,2
301,1347,630,717,339,87,13,543,289,254,313,264,49,103,0
273,1214,641,573,217,7,65,503,276,227,419,334,85,225,0
79,381,176,205,95,0,58,89,48,41,133,84,49,50,0
957,4555,2106,2449,1004,331,17,1926,1031,895,1193,986,207,418,17
2,7,4,3,0,0,7,4,3,1,4,2,2,3,0
855,3988,1999,1989,944,364,1,1811,1046,765,1118,977,141,488,8
94,449,229,220,82,10,0,293,168,125,155,139,16,3,0
263,1183,564,619,228,0,222,591,353,238,387,301,86,183,0
69,375,199,176,63,0,0,228,130,98,110,108,2,0,0
141,688,327,361,141,17,0,289,156,133,381,174,207,22,0
645,3066,1476,1590,657,312,1,1186,679,507,841,663,178,276,2
279,1266,615,651,306,29,0,522,292,230,679,354,325,72,0
629,2896,1360,1536,620,18,0,1443,755,688,624,511,113,220,3
294,1490,662,828,338,35,86,517,266,251,360,302,58,179,2
162,686,304,382,165,13,0,344,184,160,219,131,88,39,0
106,500,271,229,101,64,13,269,158,111,133,107,26,11,0
211,926,484,442,180,108,241,405,243,162,320,255,65,237,0
541,2536,1190,1346,541,57,35,1239,659,580,807,560,247,227,2
54,272,144,128,48,0,148,84,45,39,116,75,41,81,0
448,2157,999,1158,431,180,0,1045,533,512,550,487,63,144,0
238,1216,612,604,231,228,55,622,333,289,422,333,89,188,0
353,1694,847,847,312,60,2,725,410,315,764,487,277,190,1
304,1423,669,754,295,61,54,596,328,268,316,289,27,79,0
57037,292124,151357,140767,59684,24922,2549,137999,81798,56201,85446,73226,12220,43231,805
57037,292124,151357,140767,59684,24922,2549,137999,81798,56201,85446,73226,12220,43231,805
0,0,0,0,0,0,0,0,0,0,0,0,0,0,0
133,683,364,319,138,78,0,314,187,127,202,190,12,78,0
16,82,39,43,17,0,0,38,21,17,20,20,0,13,0
154,795,419,376,146,60,0,364,214,150,197,185,12,0,0
502,2540,1310,1230,516,162,0,1256,722,534,740,643,97,391,2
174,802,436,366,103,20,0,552,326,226,222,217,5,159,0
610,3083,1580,1503,799,151,65,1517,902,615,1157,845,312,580,13
318,1696,851,845,391,97,0,940,488,452,515,427,88,97,0
44,220,119,101,33,0,0,126,83,43,49,47,2,13,0
120,631,322,309,126,0,0,292,176,116,176,171,5,87,1
613,3254,1646,1608,757,22,224,1446,879,567,946,748,198,613,2
76,392,218,174,62,0,0,244,155,89,116,114,2,0,0
207,1187,615,572,228,0,0,606,349,257,316,301,15,223,0
427,2115,1109,1006,406,24,0,946,544,402,521,493,28,363,0
246,1148,593,555,270,132,0,490,327,163,302,147,155,4,1
11,67,27,40,16,7,0,14,7,7,14,14,0,10,1
434,2397,1233,1164,459,380,35,1397,780,617,852,657,195,370,3
50,241,125,116,32,0,0,128,83,45,84,78,6,65,0
476,2554,1343,1211,561,246,5,993,560,433,695,635,60,373,3
440,2279,1200,1079,512,45,424,1021,620,401,750,608,142,177,22
370,1867,1024,843,362,0,0,967,637,330,480,462,18,118,8
91,494,260,234,86,28,1,234,150,84,117,115,2,3,0
227,1220,656,564,242,0,0,631,397,234,330,324,6,153,1
109,660,347,313,131,12,0,313,186,127,160,158,2,48,0
140,656,325,331,131,66,0,337,206,131,232,181,51,142,0
0,0,0,0,0,0,0,0,0,0,0,0,0,0,0
0,0,0,0,0,0,0,0,0,0,0,0,0,0,0
287,1468,626,842,271,181,0,600,315,285,544,313,231,206,14
490,2556,1382,1174,517,240,0,1277,739,538,780,559,221,271,3
94,514,258,256,133,0,0,113,76,37,132,128,4,33,0
562,2972,1534,1438,626,64,0,1611,947,664,941,766,175,252,3
640,3304,1695,1609,802,117,0,1589,921,668,1147,889,258,566,5
264,1459,720,739,329,75,274,447,252,195,693,392,301,320,42
393,2041,1049,992,374,8,0,935,563,372,680,547,133,314,15
96,587,316,271,108,56,0,389,229,160,174,162,12,62,0
344,1753,889,864,354,26,0,940,568,372,502,449,53,60,1
714,3615,1896,1719,645,206,12,1827,1090,737,988,919,69,485,61
37,198,106,92,60,0,0,131,71,60,65,46,19,5,0
0,0,0,0,0,0,0,0,0,0,0,0,0,0,0
432,2444,1265,1179,647,60,0,1029,560,469,556,521,35,240,1
49,254,133,121,46,1,0,139,80,59,82,74,8,44,0
1,7,5,2,1,0,0,5,5,0,1,1,0,0,0
226,1079,550,529,234,56,0,507,285,222,313,264,49,96,13
413,2051,1039,1012,417,64,0,799,485,314,617,553,64,394,0
0,0,0,0,0,0,0,0,0,0,0,0,0,0,0
0,0,0,0,0,0,0,0,0,0,0,0,0,0,0
399,1874,968,906,372,306,26,959,553,406,622,469,153,223,16
237,1258,626,632,243,76,0,873,473,400,342,332,10,271,0
209,1098,574,524,176,43,0,579,349,230,304,290,14,193,0
284,1438,734,704,285,57,0,593,382,211,356,339,17,133,0
585,2630,1371,1259,495,371,1,1132,682,450,790,704,86,222,67
477,2520,1317,1203,456,120,0,1278,823,455,722,683,39,341,8
444,2326,1231,1095,425,101,0,1318,806,512,639,616,23,296,3
1375,7090,3653,3437,1340,806,5,4056,2266,1790,1935,1805,130,855,35
276,1248,650,598,221,192,1,845,480,365,325,313,12,100,0
327,1567,824,743,277,446,0,863,511,352,452,426,26,272,0
506,2842,1461,1381,563,92,0,1638,948,690,690,673,17,315,1
174,1010,540,470,188,0,112,537,311,226,314,267,47,235,0
98,503,254,249,97,66,0,206,121,85,149,140,9,68,0
404,2132,1087,1045,355,169,2,1249,755,494,581,541,40,260,5
1535,7665,4052,3613,1505,631,1,3644,2203,1441,1982,1892,90,1221,3
488,2473,1301,1172,481,263,0,1438,869,569,658,586,72,352,0
198,1023,543,480,186,98,0,431,288,143,299,289,10,162,0
121,567,300,267,105,84,0,227,131,96,292,159,133,254,0
709,3675,1938,1737,777,254,0,1675,1022,653,1094,992,102,158,2
166,762,413,349,95,91,0,463,308,155,325,204,121,155,2
163,703,374,329,152,74,1,223,158,65,186,179,7,124,2
415,2215,1140,1075,402,0,0,991,587,404,573,561,12,467,1
463,2536,1312,1224,547,51,0,1200,678,522,596,567,29,398,6
116,765,383,382,206,6,0,430,244,186,200,191,9,85,0
87,405,202,203,76,0,317,208,116,92,194,96,98,0,0
783,3874,2055,1819,828,390,46,1650,1049,601,1234,1087,147,754,6
100,391,199,192,88,0,0,144,99,45,116,103,13,71,0
484,2576,1315,1261,515,496,0,1017,606,411,647,623,24,280,0
75,422,214,208,65,0,0,151,90,61,131,129,2,130,0
381,1844,950,894,417,376,0,806,512,294,497,414,83,271,1
828,3864,2009,1855,848,817,0,1965,1190,775,1097,969,128,353,3
321,1409,725,684,298,3,0,630,428,202,388,376,12,195,2
772,3761,1946,1815,760,225,0,1669,1114,555,1423,989,434,526,22
203,1000,539,461,229,0,0,557,326,231,282,246,36,153,3
0,0,0,0,0,0,0,0,0,0,0,0,0,0,0
189,1077,588,489,242,75,0,436,273,163,299,286,13,173,3
111,547,316,231,86,68,0,336,186,150,172,169,3,35,2
396,2027,1047,980,431,138,0,978,597,381,503,478,25,303,2
168,802,415,387,158,0,0,407,252,155,258,245,13,175,1
176,777,395,382,201,629,0,245,144,101,351,204,147,337,0
207,1123,582,541,236,16,0,651,360,291,294,276,18,85,7
377,2028,1054,974,440,123,0,769,450,319,581,481,100,307,4
241,1323,705,618,255,0,0,572,371,201,434,320,114,147,4
696,3487,1775,1712,705,79,0,1676,997,679,915,834,81,467,0
74,359,170,189,80,0,0,113,75,38,68,63,5,1,0
341,1868,962,906,407,1,40,990,626,364,471,458,13,110,2
71,417,228,189,96,33,0,133,75,58,128,122,6,68,1
546,3007,1531,1476,614,221,0,1316,788,528,785,721,64,485,2
277,1529,799,730,301,0,0,1068,589,479,349,332,17,234,1
753,3710,1919,1791,732,514,0,1750,1003,747,980,928,52,566,2
86,474,249,225,96,0,0,266,148,118,124,118,6,0,0
374,1952,1020,932,392,33,0,878,540,338,525,502,23,352,0
1997,10271,5334,4937,1949,187,1,4783,2766,2017,2550,2416,134,1532,15
419,2190,1151,1039,456,77,2,934,556,378,586,564,22,409,5
813,4211,2238,1973,811,171,0,2248,1369,879,1200,1161,39,705,40
350,1655,854,801,324,34,181,627,395,232,555,485,70,370,2
290,1435,771,664,303,0,201,530,334,196,552,463,89,413,1
164,789,410,379,142,0,96,351,202,149,252,222,30,221,0
450,2402,1246,1156,520,93,0,1256,735,521,630,584,46,400,0
944,4990,2604,2386,960,1116,66,1991,1247,744,1479,1301,178,917,1
700,3396,1768,1628,634,155,0,1488,963,525,870,850,20,292,2
445,2340,1218,1122,491,198,0,1208,700,508,658,602,56,327,20
316,1682,881,801,336,0,0,758,463,295,446,442,4,226,0
585,3005,1560,1445,572,202,0,1519,882,637,838,748,90,349,72
370,1822,942,880,274,144,0,1201,663,538,565,518,47,523,0
717,3546,1829,1717,692,152,1,1380,808,572,990,896,94,354,4
238,1251,668,583,268,74,0,640,395,245,347,335,12,183,0
1698,8087,4227,3860,1576,394,41,4324,2523,1801,2206,1991,215,1233,16
238,1204,617,587,243,76,0,490,291,199,368,303,65,200,3
145,760,378,382,144,17,7,82,40,42,150,140,10,88,3
247,1202,629,573,220,31,0,710,426,284,312,301,11,187,0
133,716,375,341,124,0,0,316,191,125,176,166,10,166,1
1443,6888,3568,3320,1325,1092,0,3065,1792,1273,2326,1792,534,971,5
460,2572,1343,1229,526,27,0,1274,708,566,644,616,28,515,0
1298,6415,3288,3127,1294,732,0,3584,1971,1613,1624,1531,93,1028,18
1072,5623,2909,2714,1090,220,28,2922,1730,1192,1578,1383,195,912,5
240,1254,628,626,297,578,0,620,349,271,665,344,321,232,0
146,807,413,394,168,0,0,379,226,153,195,184,11,147,0
764,4215,2106,2109,954,259,152,1650,908,742,1012,931,81,876,1
321,1625,826,799,300,189,121,920,556,364,460,374,86,253,7
438,2266,1191,1075,430,331,0,952,559,393,720,479,241,345,10
360,1872,947,925,465,164,0,869,520,349,597,440,157,284,0
401,1985,990,995,487,505,0,699,398,301,665,489,176,339,1
696,3884,2012,1872,837,137,0,1574,959,615,1001,954,47,136,4
105,594,305,289,135,0,0,231,124,107,158,147,11,77,3
148,853,442,411,175,0,0,323,196,127,184,169,15,67,0
122,609,333,276,114,0,0,355,222,133,189,161,28,96,2
184,1064,566,498,204,125,0,462,250,212,295,270,25,169,2
519,2406,1247,1159,546,983,2,877,538,339,690,596,94,436,7
1277,6361,3321,3040,1189,211,21,3101,1777,1324,2145,1697,448,1230,21
648,3794,1880,1914,898,258,0,1452,820,632,1116,874,242,540,3
583,2618,1317,1301,623,788,0,815,542,273,1105,676,429,566,52
167,858,453,405,168,110,0,382,232,150,258,231,27,176,0
56,249,127,122,65,47,0,127,74,53,100,61,39,58,0
938,4716,2436,2280,1082,707,0,1931,1168,763,1945,1173,772,741,5
0,0,0,0,0,0,0,0,0,0,0,0,0,0,0
578,2985,1567,1418,569,267,0,1631,981,650,827,774,53,536,2
403,2023,1050,973,437,558,0,643,404,239,677,514,163,398,0
326,1613,847,766,362,696,0,668,395,273,466,392,74,206,0
432,2149,1150,999,540,997,0,687,427,260,927,566,361,596,19
87,550,280,270,135,0,0,189,105,84,132,116,16,72,0
254,1474,742,732,328,0,37,558,319,239,466,367,99,227,12
270,1440,758,682,277,353,0,739,466,273,452,378,74,291,6
135,665,330,335,137,149,0,222,147,75,201,173,28,113,0
591,3405,1706,1699,855,0,0,1529,849,680,816,736,80,337,1
26558,135352,69551,65801,30178,8439,3849,56561,32946,23615,38596,32350,6246,20237,360
26558,135352,69551,65801,30178,8439,3849,56561,32946,23615,38596,32350,6246,20237,360
0,0,0,0,0,0,0,0,0,0,0,0,0,0,0
1277,6139,3081,3058,1309,157,55,2573,1479,1094,1686,1487,199,1038,12
812,4517,2325,2192,1071,397,35,2115,1227,888,1078,960,118,733,7
121,593,309,284,134,84,158,183,118,65,170,159,11,83,0
656,3109,1540,1569,629,28,219,1373,750,623,1008,847,161,421,3
177,905,503,402,200,116,93,312,211,101,241,213,28,205,0
319,1515,761,754,306,2,201,778,417,361,464,385,79,266,2
816,4265,2203,2062,1044,186,92,1740,1009,731,1199,947,252,596,8
154,833,448,385,201,235,2,399,230,169,250,197,53,189,0
894,4677,2381,2296,1185,239,6,1770,994,776,1149,1011,138,658,3
117,516,254,262,116,0,134,133,66,67,220,116,104,214,0
1239,6643,3439,3204,1654,49,1,2252,1355,897,1827,1428,399,913,35
168,827,436,391,142,5,0,461,276,185,264,202,62,88,0
241,1238,658,580,241,41,177,627,390,237,350,294,56,199,4
998,5025,2566,2459,1140,17,0,2219,1403,816,1365,1182,183,709,11
2058,10064,5171,4893,2158,344,53,4202,2484,1718,2520,2305,215,1526,47
9,35,19,16,3,0,35,29,15,14,14,10,4,4,0
18,73,46,27,15,0,73,36,29,7,23,18,5,10,0
159,713,368,345,159,2,104,362,216,146,193,168,25,11,0
245,982,514,468,153,256,174,474,277,197,483,278,205,15,16
273,1518,773,745,338,185,1,408,241,167,557,381,176,102,19
1013,5814,2926,2888,1434,145,37,2373,1338,1035,1268,1186,82,725,0
354,1915,974,941,465,47,0,844,470,374,601,412,189,388,1
109,512,257,255,126,227,188,174,107,67,245,129,116,0,0
122,520,270,250,129,0,58,277,161,116,150,144,6,103,1
602,2798,1420,1378,544,381,130,1387,769,618,944,724,220,515,1
135,736,380,356,175,116,101,347,204,143,214,186,28,116,8
40,207,109,98,54,0,18,102,56,46,72,52,20,30,0
1371,7262,3735,3527,1460,313,409,3433,1961,1472,2263,1902,361,720,61
215,1096,565,531,245,136,64,388,179,209,406,282,124,228,0
191,1134,600,534,264,236,0,485,273,212,306,260,46,191,1
328,1706,898,808,358,83,2,1066,601,465,541,445,96,191,1
28,142,78,64,28,31,0,101,58,43,53,33,20,40,0
532,2940,1499,1441,695,130,175,1337,788,549,809,665,144,396,6
223,1222,631,591,307,0,0,499,322,177,248,238,10,91,0
65,363,193,170,110,0,0,171,97,74,76,74,2,9,0
31,163,81,82,33,0,0,66,41,25,47,41,6,35,0
107,557,295,262,106,0,0,214,139,75,165,158,7,107,0
78,448,229,219,98,0,0,115,66,49,126,108,18,121,0
900,4455,2311,2144,967,75,0,2008,1155,853,1492,1125,367,374,49
380,1806,994,812,328,521,48,831,542,289,813,513,300,538,14
230,1273,677,596,245,243,0,604,352,252,364,328,36,57,2
9,44,22,22,11,0,0,31,17,14,8,8,0,0,0
17,92,49,43,13,0,0,35,22,13,24,21,3,24,0
0,0,0,0,0,0,0,0,0,0,0,0,0,0,0
518,2867,1519,1348,634,86,132,997,575,422,820,724,96,544,2
122,571,278,293,115,0,0,165,79,86,210,140,70,125,0
7,29,15,14,7,0,0,11,7,4,8,7,1,8,0
65,363,192,171,114,0,0,172,97,75,75,73,2,9,0
213,1221,603,618,327,33,0,621,322,299,292,278,14,207,0
90,488,254,234,114,0,0,242,130,112,141,125,16,109,0
497,2437,1244,1193,557,488,11,1093,652,441,746,620,126,310,9
514,2573,1286,1287,653,65,130,1185,625,560,709,610,99,205,0
120,660,331,329,207,0,0,139,68,71,114,108,6,78,0
859,4532,2312,2220,1054,608,102,1855,1021,834,1211,1060,151,710,6
70,395,212,183,124,0,0,170,99,71,86,81,5,9,0
136,813,399,414,248,0,0,251,126,125,149,141,8,102,0
0,0,0,0,0,0,0,0,0,0,0,0,0,0,0
211,1162,571,591,323,94,142,412,214,198,314,273,41,261,0
441,2466,1211,1255,691,28,0,618,326,292,552,535,17,407,0
645,3074,1530,1544,752,479,0,1205,695,510,904,748,156,521,0
385,2009,1059,950,423,432,248,873,515,358,735,528,207,344,0
140,575,304,271,134,21,0,170,104,66,151,147,4,110,2
245,991,531,460,177,9,0,486,318,168,392,270,122,227,1
130,757,393,364,162,0,0,300,203,97,185,181,4,109,0
423,2015,1057,958,359,427,238,946,571,375,651,524,127,436,2
338,1721,899,822,331,55,1,850,516,334,479,431,48,265,10
0,0,0,0,0,0,0,0,0,0,0,0,0,0,0
790,3999,2080,1919,707,92,0,1357,829,528,1122,1069,53,879,2
34,176,87,89,42,61,0,22,9,13,38,37,1,34,0
1201,5722,3018,2704,1096,320,2,2306,1454,852,1572,1431,141,898,12
0,0,0,0,0,0,0,0,0,0,0,0,0,0,0
533,2344,1178,1166,434,114,0,781,486,295,644,587,57,351,2
