No of Households,Total Population Person,Total Population Male,Total Population Female,Population in the age group 0-6 Person,Scheduled Castes population Person,Scheduled Tribes population Person,Literates Population Person,Literates Population Male,Literates Population Female,Total Worker Population Person,Total Worker Population Male,Total Worker Population Female,Main Agricultural Labourers Population Person,Main Household Industries Population Person
15970,82522,42950,39572,15262,12074,44,34191,21667,12524,34836,21331,13505,10875,257
15970,82522,42950,39572,15262,12074,44,34191,21667,12524,34836,21331,13505,10875,257
0,0,0,0,0,0,0,0,0,0,0,0,0,0,0
571,2893,1486,1407,536,813,6,1190,771,419,1363,804,559,355,3
2830,14720,7587,7133,2700,2462,6,6702,4110,2592,6441,3879,2562,1860,64
1863,9359,4842,4517,1804,954,12,4124,2539,1585,3040,2324,716,1200,37
1755,9078,4778,4300,1739,907,3,3875,2452,1423,3895,2364,1531,1463,50
587,2924,1495,1429,558,680,0,1263,775,488,1343,724,619,351,8
2261,11445,5966,5479,2139,1585,1,4216,2699,1517,4762,2966,1796,1526,26
473,2543,1330,1213,423,174,0,744,478,266,1304,676,628,442,0
841,4738,2474,2264,927,819,7,1760,1172,588,2300,1223,1077,672,19
754,3730,1912,1818,803,1397,1,1150,736,414,1591,905,686,512,8
393,2004,1039,965,352,78,0,870,568,302,805,515,290,105,1
2491,13422,7064,6358,2371,1021,8,6059,3926,2133,5566,3448,2118,1806,40
1151,5666,2977,2689,910,1184,0,2238,1441,797,2426,1503,923,583,1
27252,134159,70300,63859,27119,28557,118,55115,34732,20383,52307,33683,18624,9748,747
26132,128861,67483,61378,26182,28310,47,51995,32896,19099,50700,32400,18300,9612,731
1120,5298,2817,2481,937,247,71,3120,1836,1284,1607,1283,324,136,16
1446,6704,3568,3136,1303,2806,2,2356,1525,831,3376,1773,1603,290,8
2559,12935,6791,6144,2451,1939,1,4518,2958,1560,4934,3277,1657,1393,9
771,3912,2027,1885,693,970,0,1715,1100,615,1730,1038,692,525,13
361,1771,935,836,296,418,0,791,507,284,645,468,177,118,0
329,1614,848,766,368,474,0,607,410,197,761,402,359,56,8
474,2250,1154,1096,445,891,0,936,602,334,962,582,380,428,0
172,712,355,357,155,481,0,208,127,81,394,201,193,123,0
177,970,499,471,184,437,0,372,259,113,499,251,248,4,0
774,4467,2338,2129,841,1234,4,1751,1151,600,2084,1161,923,498,3
225,1235,653,582,219,360,0,658,444,214,275,242,33,101,6
785,3444,1840,1604,730,1070,0,1459,959,500,1105,865,240,650,5
838,4431,2300,2131,1081,924,2,1271,854,417,1486,1022,464,248,1
570,2634,1421,1213,504,711,0,915,654,261,1212,737,475,54,3
167,803,404,399,140,187,0,427,258,169,290,198,92,27,7
709,3868,2003,1865,902,963,1,1193,825,368,1747,1035,712,593,8
1307,6250,3304,2946,1174,881,0,3412,2001,1411,2378,1551,827,343,10
2886,13973,7290,6683,2767,1704,1,6171,3912,2259,5450,3460,1990,913,90
1499,7377,3938,3439,1504,1172,4,3109,1986,1123,3263,1924,1339,645,22
729,3498,1831,1667,804,1024,2,1281,790,491,1267,824,443,115,4
2532,13642,7030,6612,3166,2297,3,4676,2976,1700,3681,3060,621,358,130
541,2715,1425,1290,634,845,1,1038,665,373,1316,716,600,384,8
2060,9840,5243,4597,1723,778,8,4990,2987,2003,3551,2538,1013,319,225
1085,4964,2586,2378,988,999,0,1965,1172,793,2331,1270,1061,359,10
1472,6815,3566,3249,1346,1570,2,2964,1836,1128,2473,1780,693,614,121
1569,7573,3889,3684,1666,2778,16,3079,1846,1233,3278,1904,1374,454,36
95,464,245,219,98,397,0,133,92,41,212,121,91,0,4
1120,5298,2817,2481,937,247,71,3120,1836,1284,1607,1283,324,136,16
17092,91818,47805,44013,18015,14724,128,35824,23445,12379,40392,23326,17066,9490,197
17092,91818,47805,44013,18015,14724,128,35824,23445,12379,40392,23326,17066,9490,197
0,0,0,0,0,0,0,0,0,0,0,0,0,0,0
1221,6379,3327,3052,1230,1093,3,3281,2035,1246,2399,1547,852,690,10
1531,8548,4353,4195,1680,2273,6,3340,2132,1208,3933,2077,1856,643,20
2108,10996,5773,5223,1950,1727,24,4362,2892,1470,5547,2953,2594,909,8
1331,7778,4014,3764,1611,627,0,2606,1730,876,2904,1924,980,421,13
2711,14558,7579,6979,2915,1463,5,4886,3301,1585,7475,3972,3503,2772,35
926,5087,2669,2418,1070,1027,0,1786,1150,636,2397,1385,1012,680,2
0,0,0,0,0,0,0,0,0,0,0,0,0,0,0
884,4430,2342,2088,917,696,53,1454,1024,430,2083,1101,982,789,4
115,746,392,354,166,0,0,256,195,61,189,161,28,1,0
239,1391,760,631,243,67,0,661,459,202,607,329,278,2,0
280,1875,1006,869,377,113,0,770,532,238,676,417,259,176,2
1141,6306,3273,3033,1288,1016,4,2397,1630,767,2690,1608,1082,661,7
888,4872,2432,2440,1062,1210,0,1872,1187,685,2226,1185,1041,146,8
365,1883,1000,883,340,104,0,675,459,216,729,492,237,365,23
2577,12542,6560,5982,2401,2444,33,5104,3262,1842,4936,3132,1804,956,62
775,4427,2325,2102,765,864,0,2374,1457,917,1601,1043,558,279,3
38820,191375,100292,91083,38169,37586,94,78836,50018,28818,77327,48094,29233,22172,1022
38820,191375,100292,91083,38169,37586,94,78836,50018,28818,77327,48094,29233,22172,1022
0,0,0,0,0,0,0,0,0,0,0,0,0,0,0
1900,9459,4910,4549,1749,2008,28,4573,2909,1664,4233,2422,1811,654,8
567,2742,1469,1273,575,365,0,918,595,323,1124,722,402,30,2
793,3980,2161,1819,721,704,10,1870,1175,695,1535,993,542,375,168
568,2853,1500,1353,661,435,4,1186,758,428,969,673,296,149,13
1385,7724,4078,3646,1566,1223,1,3287,2220,1067,3099,1825,1274,572,34
284,1353,744,609,240,50,0,632,432,200,623,371,252,13,0
3838,19659,10381,9278,3900,3700,9,7822,4993,2829,7426,4509,2917,1700,94
1394,6782,3547,3235,1398,669,0,2587,1669,918,2431,1682,749,285,18
3573,17161,9034,8127,3451,3037,10,7497,4744,2753,7109,4397,2712,2108,174
1706,8443,4367,4076,1653,1754,1,3789,2293,1496,2921,2058,863,1068,9
3020,13669,7083,6586,2865,2196,3,5552,3541,2011,5190,3562,1628,1027,61
579,2640,1362,1278,525,1027,2,967,588,379,1101,656,445,559,16
261,1250,624,626,264,0,0,499,352,147,478,304,174,103,2
182,899,479,420,166,48,0,387,264,123,368,245,123,10,0
481,2283,1195,1088,411,0,0,1087,651,436,939,600,339,418,5
743,3421,1826,1595,688,754,0,1547,979,568,1340,844,496,503,4
447,1827,977,850,371,177,0,756,505,251,720,488,232,337,3
315,1676,868,808,353,416,0,750,455,295,627,457,170,303,8
958,4246,2242,2004,783,1109,1,1977,1178,799,1406,1004,402,550,3
57,254,146,108,48,91,0,122,91,31,125,64,61,24,0
223,921,477,444,151,137,0,450,289,161,503,262,241,12,16
142,661,347,314,150,0,0,250,156,94,178,153,25,118,1
81,400,217,183,107,221,0,80,59,21,189,96,93,2,0
51,230,124,106,31,0,0,133,74,59,1,1,0,1,0
124,593,287,306,156,6,0,154,89,65,286,159,127,0,3
268,1186,658,528,297,568,1,401,242,159,586,320,266,278,6
496,2338,1219,1119,533,843,8,649,450,199,1102,630,472,239,46
225,1228,655,573,252,69,2,286,197,89,639,346,293,61,13
387,2059,1071,988,421,317,1,785,490,295,769,409,360,260,0
778,4080,2137,1943,728,518,0,1577,1028,549,1923,1094,829,290,5
259,1430,770,660,277,402,0,576,367,209,468,341,127,66,1
1599,8040,4240,3800,1603,2240,0,3490,2116,1374,2174,1852,322,760,3
0,0,0,0,0,0,0,0,0,0,0,0,0,0,0
516,2813,1468,1345,554,978,1,1022,675,347,1284,722,562,284,1
588,3315,1724,1591,741,1004,1,993,676,317,1740,959,781,1200,60
970,5125,2672,2453,982,580,0,1849,1199,650,2260,1385,875,563,67
712,3516,1806,1710,713,783,1,1590,957,633,1423,896,527,312,28
278,1970,978,992,361,345,0,721,447,274,698,415,283,332,9
326,1629,855,774,311,457,0,696,427,269,691,408,283,202,7
941,4614,2452,2162,718,1048,1,2085,1275,810,1948,1158,790,832,11
768,3988,2087,1901,799,1344,0,1612,1059,553,1409,966,443,845,18
2858,13617,6996,6621,2850,1713,2,6576,4082,2494,5741,3242,2499,2731,46
692,3341,1743,1598,653,679,3,1280,796,484,1715,927,788,261,23
401,1821,965,856,315,385,1,610,404,206,605,552,53,284,1
2086,10139,5351,4788,2078,3186,3,3166,2072,1094,5231,2925,2306,1451,35
22238,106222,55157,51065,19913,24110,171,46438,28673,17765,49626,28365,21261,10140,741
22238,106222,55157,51065,19913,24110,171,46438,28673,17765,49626,28365,21261,10140,741
0,0,0,0,0,0,0,0,0,0,0,0,0,0,0
356,1883,993,890,347,192,0,1061,656,405,954,474,480,10,0
5539,26295,13561,12734,4982,5858,28,11295,6930,4365,12136,6841,5295,2925,171
312,1410,720,690,295,485,1,609,407,202,768,399,369,27,1
1985,9576,5003,4573,1718,1375,3,4566,2775,1791,4564,2526,2038,1508,30
1877,8962,4621,4341,1829,2253,4,3803,2293,1510,4233,2366,1867,897,7
2144,10013,5179,4834,1863,2132,5,4654,2834,1820,4352,2700,1652,558,120
179,942,488,454,131,231,1,512,317,195,437,234,203,5,0
8790,42528,22202,20326,7846,10133,128,17725,11087,6638,20067,11608,8459,3026,412
1056,4613,2390,2223,902,1451,1,2213,1374,839,2115,1217,898,1184,0
50860,243629,127577,116052,47211,46972,2210,101328,62673,38655,102894,62741,40153,26143,1292
50860,243629,127577,116052,47211,46972,2210,101328,62673,38655,102894,62741,40153,26143,1292
0,0,0,0,0,0,0,0,0,0,0,0,0,0,0
0,0,0,0,0,0,0,0,0,0,0,0,0,0,0
901,4913,2603,2310,939,1254,14,2355,1420,935,1576,1245,331,170,10
150,740,377,363,126,0,0,426,226,200,152,136,16,35,7
1738,8184,4252,3932,1762,709,7,2951,1759,1192,3145,1885,1260,671,10
562,2789,1466,1323,591,392,0,1245,766,479,963,674,289,270,0
0,0,0,0,0,0,0,0,0,0,0,0,0,0,0
103,433,229,204,96,333,0,148,95,53,164,102,62,3,0
263,1353,713,640,272,0,0,545,317,228,522,347,175,418,0
2097,10231,5354,4877,1923,1734,15,4326,2566,1760,4571,2678,1893,796,18
561,2431,1300,1131,445,575,0,1267,768,499,936,624,312,271,2
0,0,0,0,0,0,0,0,0,0,0,0,0,0,0
4,16,11,5,0,0,0,16,11,5,6,5,1,4,0
836,3857,1989,1868,509,57,166,2322,1303,1019,1720,1116,604,343,129
0,0,0,0,0,0,0,0,0,0,0,0,0,0,0
91,409,230,179,79,201,0,149,94,55,146,99,47,107,2
682,3339,1731,1608,741,1136,0,1174,743,431,1203,768,435,663,41
435,2312,1217,1095,523,316,1,818,513,305,792,548,244,422,0
74,305,162,143,50,33,0,209,123,86,123,91,32,77,0
41,187,103,84,34,0,0,134,81,53,70,46,24,43,0
2067,10181,5449,4732,1883,1668,4,4498,2757,1741,4359,2737,1622,926,15
2793,13049,6842,6207,2531,3323,2,5159,3298,1861,5498,3372,2126,1564,26
1973,10314,5442,4872,1892,1465,8,5068,3151,1917,3334,2573,761,1971,101
719,3542,1856,1686,686,1123,196,1064,672,392,1925,1056,869,319,248
14,62,32,30,12,0,0,15,8,7,32,20,12,22,0
83,321,167,154,70,0,0,134,73,61,161,82,79,76,0
519,2522,1350,1172,463,298,0,1155,717,438,1158,723,435,163,2
2699,11650,6073,5577,2099,2659,4,5575,3401,2174,5032,3063,1969,1656,75
5000,24542,12782,11760,4869,5598,1230,10319,6335,3984,10257,6271,3986,1563,106
148,646,319,327,124,270,2,298,177,121,356,174,182,0,0
7215,31628,16503,15125,5906,7296,292,12656,7915,4741,14784,8371,6413,1497,180
57,193,104,89,21,36,0,116,70,46,126,68,58,27,27
1885,8763,4654,4109,1626,1470,1,3705,2359,1346,3730,2346,1384,943,46
209,1004,513,491,155,0,0,521,294,227,465,283,182,5,3
2131,10067,5286,4781,1923,2416,15,4916,2986,1930,4462,2510,1952,1445,20
1619,6852,3611,3241,1295,1826,2,3317,2026,1291,3339,1950,1389,1313,55
0,0,0,0,0,0,0,0,0,0,0,0,0,0,0
169,662,350,312,128,83,0,329,204,125,177,162,15,25,0
119,583,304,279,127,309,0,189,127,62,282,125,157,25,0
1294,5964,3108,2856,1247,1167,7,1991,1226,765,2836,1554,1282,732,15
205,1228,617,611,256,215,6,261,171,90,438,286,152,125,0
378,1976,1070,906,338,40,0,986,619,367,759,517,242,154,3
1578,8229,4308,3921,1568,710,150,3290,2066,1224,2661,1935,726,506,13
282,1799,946,853,325,0,0,588,408,180,515,385,130,35,6
635,3270,1715,1555,836,517,0,876,589,287,1144,756,388,130,1
585,3629,1901,1728,744,9,0,1832,1142,690,1612,913,699,346,1
1346,7714,3972,3742,1621,1571,56,2429,1543,886,3424,2004,1420,851,13
0,0,0,0,0,0,0,0,0,0,0,0,0,0,0
199,1226,635,591,187,64,0,641,381,260,892,464,428,0,39
0,0,0,0,0,0,0,0,0,0,0,0,0,0,0
415,1980,1052,928,463,70,0,791,511,280,810,519,291,12,2
0,0,0,0,0,0,0,0,0,0,0,0,0,0,0
50,260,131,129,54,50,0,83,49,34,150,79,71,150,0
0,0,0,0,0,0,0,0,0,0,0,0,0,0,0
0,0,0,0,0,0,0,0,0,0,0,0,0,0,0
691,3317,1757,1560,650,278,0,1466,883,583,1444,848,596,541,20
95,429,225,204,75,3,0,190,115,75,207,103,104,205,0
0,0,0,0,0,0,0,0,0,0,0,0,0,0,0
107,480,247,233,101,95,0,215,135,80,123,106,17,96,0
140,628,326,302,104,220,0,313,199,114,341,203,138,1,1
312,1470,779,691,292,173,0,544,343,201,585,344,241,197,2
1320,5896,3063,2833,1020,1863,8,2999,1849,1150,2795,1489,1306,1043,20
693,3686,1949,1737,867,455,4,1163,776,387,1279,858,421,805,6
60,310,168,142,68,21,0,80,54,26,72,71,1,67,0
206,863,466,397,181,419,1,268,182,86,254,211,43,99,1
12,55,28,27,4,0,0,18,15,3,31,15,16,15,0
34,190,100,90,49,186,2,42,28,14,87,43,44,59,0
433,2250,1168,1082,457,459,0,723,458,265,901,549,352,201,0
584,2775,1445,1330,513,452,0,672,423,249,1073,680,393,662,6
0,0,0,0,0,0,0,0,0,0,0,0,0,0,0
0,0,0,0,0,0,0,0,0,0,0,0,0,0,0
1249,5925,3027,2898,1291,1355,17,1748,1153,595,2895,1559,1336,1278,20
37981,185631,97180,88451,36470,40763,4670,76240,47236,29004,67143,45088,22055,22195,401
37981,185631,97180,88451,36470,40763,4670,76240,47236,29004,67143,45088,22055,22195,401
0,0,0,0,0,0,0,0,0,0,0,0,0,0,0
1995,10036,5290,4746,2008,1847,2,3711,2292,1419,3459,2567,892,1815,50
430,2117,1119,998,330,248,0,928,568,360,744,496,248,323,0
429,1851,977,874,354,747,4,1022,600,422,487,444,43,241,0
0,0,0,0,0,0,0,0,0,0,0,0,0,0,0
1206,6006,3157,2849,1249,877,286,2087,1378,709,2614,1519,1095,1161,17
0,0,0,0,0,0,0,0,0,0,0,0,0,0,0
563,2619,1403,1216,589,953,1,951,590,361,901,633,268,199,2
289,1373,713,660,311,470,0,448,290,158,465,306,159,144,3
917,4671,2477,2194,912,773,0,2011,1293,718,1799,1161,638,664,32
1197,5593,2955,2638,899,626,0,2567,1615,952,1834,1361,473,151,7
3213,15489,8074,7415,3070,4448,6,5371,3439,1932,5685,3698,1987,2317,17
1531,6968,3648,3320,1329,2064,3,2576,1614,962,3238,1709,1529,1333,16
701,3214,1632,1582,712,356,0,1341,827,514,1477,762,715,710,1
590,2977,1618,1359,563,724,0,1146,732,414,953,758,195,340,1
249,1278,658,620,262,413,0,608,372,236,377,297,80,129,0
1301,6623,3453,3170,1333,926,9,2703,1775,928,2699,1587,1112,809,12
430,2697,1402,1295,589,1071,26,751,481,270,1066,662,404,419,0
1640,8521,4317,4204,1883,1422,0,3321,2048,1273,3050,1953,1097,813,34
0,0,0,0,0,0,0,0,0,0,0,0,0,0,0
0,0,0,0,0,0,0,0,0,0,0,0,0,0,0
1566,7011,3715,3296,1314,1919,0,3434,2146,1288,2383,1737,646,428,13
219,1060,550,510,202,402,0,202,138,64,365,260,105,75,0
1725,8291,4323,3968,1787,2062,723,3247,1909,1338,2760,1957,803,1147,16
644,3006,1617,1389,596,665,2,1137,733,404,1038,730,308,265,2
2332,10902,5774,5128,2170,2106,183,4530,2797,1733,3729,2666,1063,946,100
630,3315,1739,1576,643,646,279,1209,795,414,1116,799,317,592,1
836,3694,1878,1816,699,575,1240,1483,898,585,1159,831,328,708,9
396,1909,1015,894,318,433,0,899,594,305,866,478,388,121,5
768,3985,2067,1918,834,789,1,1625,1038,587,1211,986,225,454,0
972,5058,2709,2349,788,663,0,2988,1762,1226,1638,1267,371,247,5
3759,17958,9358,8600,3199,3483,7,8335,5062,3273,6853,4384,2469,1370,20
630,3478,1870,1608,798,1401,1,1591,955,636,1058,794,264,180,4
1281,6948,3650,3298,1415,1139,1101,2926,1734,1192,2182,1632,550,627,7
125,838,456,382,122,134,0,401,315,86,286,204,82,6,0
739,3540,1835,1705,689,586,253,1373,861,512,1408,956,452,372,9
478,2583,1359,1224,551,222,266,1089,690,399,817,605,212,277,4
782,3762,2008,1754,690,327,37,1428,901,527,1426,965,461,641,1
3186,15117,7756,7361,3043,5175,237,6301,3691,2610,5639,3622,2017,2017,13
232,1143,608,535,219,71,3,500,303,197,361,302,59,154,0
24272,126020,65271,60749,26300,22042,2438,52746,32447,20299,49798,31112,18686,19910,441
24272,126020,65271,60749,26300,22042,2438,52746,32447,20299,49798,31112,18686,19910,441
0,0,0,0,0,0,0,0,0,0,0,0,0,0,0
837,4004,2077,1927,847,763,108,1703,1022,681,1455,973,482,242,6
932,4732,2398,2334,1003,797,135,2081,1249,832,1361,1062,299,431,19
719,3373,1712,1661,772,1137,0,1199,748,451,1441,796,645,838,15
919,4989,2602,2387,1087,1246,1,1722,1141,581,2329,1310,1019,1671,8
478,2483,1301,1182,471,373,0,1109,689,420,774,595,179,406,2
31,146,79,67,22,37,0,38,29,9,58,37,21,27,0
38,181,100,81,41,0,0,42,27,15,87,47,40,82,1
289,1436,779,657,292,266,0,694,454,240,499,350,149,323,2
346,1850,966,884,349,514,2,859,535,324,462,417,45,217,2
69,344,169,175,72,0,0,115,73,42,115,85,30,22,0
129,600,325,275,122,0,0,246,166,80,174,160,14,94,0
320,1741,874,867,312,255,0,858,479,379,904,476,428,447,115
54,334,157,177,49,0,0,65,45,20,182,83,99,2,26
0,0,0,0,0,0,0,0,0,0,0,0,0,0,0
367,2057,1068,989,484,32,0,771,480,291,968,521,447,679,8
362,2026,1020,1006,409,671,0,911,569,342,735,478,257,375,1
38,232,125,107,46,143,0,89,56,33,61,58,3,42,0
542,2414,1270,1144,459,588,0,1227,765,462,1027,601,426,485,0
239,1242,651,591,293,527,0,644,381,263,434,283,151,321,1
173,958,483,475,207,84,0,493,302,191,476,246,230,110,39
384,2008,1056,952,382,285,0,795,486,309,1115,633,482,201,21
96,430,224,206,86,269,0,154,92,62,217,104,113,199,0
19,146,75,71,34,0,0,31,15,16,35,30,5,31,0
402,1927,977,950,386,552,2,716,458,258,878,472,406,360,4
717,3678,1879,1799,760,1241,3,1465,895,570,1454,895,559,991,2
202,1189,601,588,286,442,1,464,270,194,488,277,211,301,0
94,381,194,187,89,0,0,107,65,42,192,92,100,142,0
197,1115,564,551,235,240,19,571,343,228,247,237,10,109,0
58,307,155,152,43,68,0,151,95,56,159,81,78,114,0
123,546,295,251,113,55,0,191,127,64,158,143,15,91,0
103,550,290,260,113,411,0,218,124,94,260,148,112,212,0
880,4887,2568,2319,1097,770,2,1706,1063,643,2097,1149,948,312,1
1362,7168,3747,3421,1444,1352,5,3393,2028,1365,2586,1741,845,682,21
83,437,227,210,100,0,0,309,174,135,130,107,23,33,0
677,3348,1754,1594,684,608,1,1397,885,512,1589,829,760,358,6
853,4593,2381,2212,809,1107,0,1840,1153,687,1267,1029,238,683,6
700,3580,1806,1774,729,612,0,1555,934,621,1700,960,740,665,1
100,449,234,215,99,0,0,166,110,56,127,122,5,119,0
633,3059,1554,1505,550,456,2,1344,807,537,1104,732,372,352,13
277,1655,837,818,418,199,0,501,305,196,622,403,219,485,0
123,566,296,270,115,0,0,104,69,35,308,169,139,305,0
297,1758,926,832,446,267,77,568,368,200,747,464,283,408,1
1057,5915,3034,2881,1383,420,0,2124,1259,865,1944,1344,600,731,6
637,3202,1627,1575,749,552,0,1164,737,427,1436,796,640,314,6
1336,6503,3384,3119,1250,253,442,3320,2023,1297,2561,1644,917,428,32
2128,10676,5629,5047,2128,1435,1631,4806,2921,1885,4624,2809,1815,1527,56
394,1974,1014,960,418,200,0,997,592,405,697,459,238,287,5
705,3741,1970,1771,727,490,0,1478,908,570,1645,932,713,462,5
2031,11596,6016,5580,2570,1645,5,4661,2944,1717,4497,2839,1658,2033,6
603,2892,1489,1403,607,680,2,1262,772,490,1105,738,367,133,2
119,602,312,290,113,0,0,322,215,107,267,156,111,28,2
27870,135534,70615,64919,28607,20989,1299,61527,37072,24455,48905,32914,15991,14694,282
27870,135534,70615,64919,28607,20989,1299,61527,37072,24455,48905,32914,15991,14694,282
0,0,0,0,0,0,0,0,0,0,0,0,0,0,0
1359,6895,3634,3261,1560,1128,1,2445,1566,879,2772,1784,988,482,10
831,4722,2482,2240,985,482,0,1497,949,548,2045,1280,765,138,0
2101,9814,5133,4681,2017,1455,156,4628,2835,1793,3582,2279,1303,874,26
1854,9662,5011,4651,2164,971,12,3653,2244,1409,3049,2207,842,954,61
732,3565,1883,1682,846,362,5,1562,937,625,1571,986,585,646,6
847,3983,2082,1901,795,321,1,1899,1157,742,1467,995,472,29,10
336,2124,1115,1009,347,136,0,1282,763,519,800,559,241,539,2
1353,6078,3132,2946,1227,986,2,2854,1730,1124,1983,1443,540,910,2
600,2578,1341,1237,444,256,0,1463,875,588,760,616,144,420,1
1224,5995,3089,2906,1367,984,3,2613,1601,1012,2113,1380,733,63,3
1066,5018,2666,2352,992,1364,8,2278,1412,866,1964,1285,679,131,12
283,1357,712,645,267,125,0,698,418,280,583,321,262,500,2
286,1477,767,710,323,107,5,690,407,283,351,327,24,47,0
2510,12157,6399,5758,2034,1711,1,7890,4511,3379,3432,2888,544,674,41
3239,16044,8225,7819,3718,1807,8,7135,4255,2880,5467,3713,1754,1261,37
1448,7408,3875,3533,1725,964,244,2893,1794,1099,2256,1764,492,394,11
1119,5254,2699,2555,1122,1366,2,2628,1582,1046,1876,1271,605,870,6
1895,8643,4528,4115,1700,1791,4,4027,2414,1613,3487,2100,1387,1401,22
473,2267,1202,1065,438,148,0,1139,674,465,910,597,313,196,6
1101,4879,2518,2361,948,659,0,1988,1161,827,1896,1255,641,966,12
1266,5654,2940,2714,1175,773,270,2173,1418,755,2353,1459,894,744,0
666,3356,1760,1596,773,1314,482,1177,701,476,1414,788,626,175,2
1281,6604,3422,3182,1640,1779,95,2915,1668,1247,2774,1617,1157,2280,10
37677,189159,99033,90126,39894,30938,604,71931,45126,26805,69773,46551,23222,27493,629
37677,189159,99033,90126,39894,30938,604,71931,45126,26805,69773,46551,23222,27493,629
0,0,0,0,0,0,0,0,0,0,0,0,0,0,0
130,604,302,302,124,0,0,115,80,35,312,164,148,1,0
1064,4968,2576,2392,1069,576,0,1864,1170,694,1825,1212,613,666,0
2505,11703,6146,5557,2375,2757,5,5223,3160,2063,4248,2810,1438,1421,127
2081,9782,5151,4631,2124,2775,7,3183,2036,1147,3162,2303,859,1347,3
2431,10766,5647,5119,2206,1919,1,3722,2301,1421,3698,2613,1085,2050,19
1404,7047,3698,3349,1508,1052,1,2166,1489,677,2690,1746,944,807,26
1217,5760,3004,2756,1271,998,545,1679,1072,607,1678,1342,336,984,0
1064,5300,2764,2536,1238,908,0,1745,1114,631,2243,1297,946,1096,6
690,3526,1873,1653,678,266,1,1871,1117,754,1313,882,431,316,114
1035,4846,2529,2317,958,572,0,1796,1175,621,1740,1187,553,506,15
705,3399,1752,1647,796,181,0,991,594,397,1215,848,367,812,25
1351,6938,3614,3324,1606,1401,2,2898,1820,1078,2526,1629,897,753,7
0,0,0,0,0,0,0,0,0,0,0,0,0,0,0
941,4720,2473,2247,1088,336,0,1901,1211,690,2110,1201,909,809,6
462,2280,1158,1122,582,96,0,835,536,299,739,514,225,346,2
1061,5235,2692,2543,1236,1318,1,1587,1011,576,2126,1261,865,779,5
123,622,330,292,170,0,0,264,168,96,262,129,133,109,0
312,1689,884,805,387,765,0,488,316,172,693,444,249,405,0
491,2480,1315,1165,486,407,0,1219,781,438,873,595,278,701,1
245,1339,714,625,284,152,1,365,267,98,760,385,375,188,0
886,4584,2474,2110,831,824,1,1900,1250,650,2498,1334,1164,1196,27
0,0,0,0,0,0,0,0,0,0,0,0,0,0,0
0,0,0,0,0,0,0,0,0,0,0,0,0,0,0
636,3458,1830,1628,719,663,0,1426,873,553,1380,890,490,113,4
903,4676,2443,2233,1049,305,0,1472,988,484,1673,1160,513,509,0
63,346,179,167,80,0,0,84,51,33,89,77,12,7,0
0,0,0,0,0,0,0,0,0,0,0,0,0,0,0
260,1154,602,552,247,167,0,503,314,189,343,281,62,123,0
308,1475,780,695,306,270,0,328,228,100,558,434,124,278,10
840,4137,2181,1956,887,663,0,1624,1008,616,1170,1002,168,487,19
3730,17741,9332,8409,3608,2467,7,6985,4311,2674,6833,4486,2347,2836,82
477,2477,1283,1194,476,992,0,993,594,399,1071,661,410,505,1
816,5062,2654,2408,1228,769,8,1426,942,484,1996,1179,817,759,3
1492,8200,4317,3883,1936,1177,2,2001,1311,690,2972,1916,1056,1078,27
2072,11441,5988,5453,2078,1334,17,6368,3692,2676,3469,2684,785,886,35
1079,5951,3115,2836,1216,526,0,2266,1435,831,1819,1454,365,981,4
1090,5493,2897,2596,1083,1408,0,2085,1314,771,1988,1322,666,987,12
489,2867,1494,1373,558,268,0,1396,890,506,756,632,124,569,25
2,13,9,4,2,0,0,7,5,2,6,4,2,1,0
0,0,0,0,0,0,0,0,0,0,0,0,0,0,0
677,3585,1834,1751,704,646,0,1684,1049,635,1449,974,475,240,0
0,0,0,0,0,0,0,0,0,0,0,0,0,0,0
1203,6572,3391,3181,1197,492,0,2865,1783,1082,3123,1857,1266,596,7
1342,6923,3608,3315,1503,1488,5,2606,1670,936,2367,1642,725,1246,17
20139,104436,54688,49748,21789,10276,125,41376,25657,15719,39001,24954,14047,20120,381
20139,104436,54688,49748,21789,10276,125,41376,25657,15719,39001,24954,14047,20120,381
0,0,0,0,0,0,0,0,0,0,0,0,0,0,0
1137,5447,2860,2587,1137,106,0,1602,1098,504,2155,1330,825,1207,1
57,299,159,140,66,55,0,79,53,26,109,53,56,54,0
0,0,0,0,0,0,0,0,0,0,0,0,0,0,0
49,269,148,121,55,0,0,121,86,35,66,57,9,18,0
1720,10089,5308,4781,2325,1486,13,3495,2278,1217,4907,2862,2045,1902,46
0,0,0,0,0,0,0,0,0,0,0,0,0,0,0
0,0,0,0,0,0,0,0,0,0,0,0,0,0,0
1101,5802,3062,2740,1258,603,1,2360,1550,810,2103,1386,717,906,12
75,333,180,153,79,0,0,84,58,26,153,76,77,76,0
2147,11189,5851,5338,2409,1477,0,4056,2614,1442,4123,2556,1567,2420,44
1465,7876,4110,3766,1881,925,1,2976,1826,1150,2483,1801,682,1277,3
799,3446,1807,1639,571,245,0,2037,1153,884,1098,823,275,109,3
1496,7441,3891,3550,1443,619,4,3443,2066,1377,2754,1711,1043,1524,69
0,0,0,0,0,0,0,0,0,0,0,0,0,0,0
0,0,0,0,0,0,0,0,0,0,0,0,0,0,0
0,0,0,0,0,0,0,0,0,0,0,0,0,0,0
2315,12036,6285,5751,2334,317,0,5576,3375,2201,3716,2805,911,2194,57
702,3606,1884,1722,678,385,0,1684,1047,637,1579,909,670,616,40
201,1016,520,496,222,0,0,352,210,142,326,207,119,137,5
0,0,0,0,0,0,0,0,0,0,0,0,0,0,0
1284,7722,4042,3680,1549,536,1,2691,1671,1020,3120,1801,1319,2035,1
839,4257,2214,2043,902,46,101,1644,994,650,1377,952,425,468,0
0,0,0,0,0,0,0,0,0,0,0,0,0,0,0
695,3768,1974,1794,784,300,0,1543,962,581,1019,818,201,584,9
793,4206,2193,2013,923,503,0,1472,887,585,1754,945,809,1001,26
746,3706,1910,1796,823,686,0,1447,853,594,1296,936,360,928,24
0,0,0,0,0,0,0,0,0,0,0,0,0,0,0
271,1306,690,616,309,414,0,591,359,232,432,267,165,386,21
559,2653,1409,1244,403,579,3,1304,828,476,990,648,342,441,8
979,4704,2467,2237,974,355,0,1875,1153,722,2094,1213,881,1023,3
709,3265,1724,1541,664,639,1,944,536,408,1347,798,549,814,9
36930,175401,92171,83230,38306,30863,210,66119,41536,24583,62900,41419,21481,22579,541
36930,175401,92171,83230,38306,30863,210,66119,41536,24583,62900,41419,21481,22579,541
0,0,0,0,0,0,0,0,0,0,0,0,0,0,0
717,3069,1593,1476,715,1005,1,1322,816,506,1650,860,790,86,13
912,4610,2462,2148,1052,1203,4,1824,1165,659,1508,1060,448,320,4
1423,6493,3440,3053,1248,1397,26,2303,1427,876,2111,1536,575,1078,47
2178,9692,5146,4546,1916,1458,5,5136,3028,2108,3458,2382,1076,931,89
1204,5471,2905,2566,1111,1064,2,1967,1302,665,2198,1338,860,573,16
351,1552,815,737,377,339,0,676,441,235,723,364,359,366,0
773,3703,1913,1790,795,1191,0,1402,875,527,1238,866,372,28,0
639,2955,1551,1404,621,44,0,1361,827,534,1063,682,381,94,4
160,805,396,409,176,255,0,313,183,130,194,164,30,5,0
7212,32468,17033,15435,7030,5717,22,13713,8415,5298,10815,7626,3189,3578,178
509,2234,1191,1043,534,592,1,808,519,289,841,544,297,595,13
425,1829,964,865,315,503,3,739,450,289,584,450,134,222,4
359,1805,935,870,371,177,0,518,324,194,657,399,258,307,1
935,4427,2368,2059,1005,251,0,1551,1004,547,1681,1052,629,1019,1
1588,7213,3785,3428,1493,1445,1,2321,1568,753,2789,1628,1161,1097,32
197,848,450,398,169,175,0,96,62,34,259,195,64,71,0
1209,6370,3389,2981,1327,585,0,2457,1525,932,2714,1553,1161,1227,6
533,2426,1295,1131,499,325,2,1052,718,334,816,582,234,318,1
3606,17267,9075,8192,4093,2710,2,5482,3514,1968,6189,3938,2251,2477,38
3567,17570,9146,8424,3914,2087,68,5754,3591,2163,5946,4197,1749,2835,28
544,2568,1343,1225,552,734,1,942,583,359,721,554,167,306,1
1065,5254,2745,2509,1059,946,2,2193,1408,785,1939,1226,713,549,9
453,2134,1127,1007,520,105,0,898,604,294,687,462,225,239,0
548,2764,1429,1335,696,574,0,780,498,282,1021,632,389,210,6
1137,6012,3172,2840,1454,1176,0,2394,1620,774,2149,1401,748,607,10
0,0,0,0,0,0,0,0,0,0,0,0,0,0,0
1727,9368,4947,4421,2097,1142,67,3002,1952,1050,4075,2346,1729,1277,24
1707,7824,4064,3760,1579,2973,1,2783,1707,1076,3029,1810,1219,1112,11
1252,6670,3492,3178,1588,690,2,2332,1410,922,1845,1572,273,1052,5
27875,152693,80538,72155,34144,16929,167,61530,37761,23769,57777,36844,20933,20113,319
27875,152693,80538,72155,34144,16929,167,61530,37761,23769,57777,36844,20933,20113,319
0,0,0,0,0,0,0,0,0,0,0,0,0,0,0
3643,18973,10021,8952,4077,1967,25,6997,4336,2661,7495,4707,2788,2385,29
923,4865,2577,2288,1172,1665,3,1595,1001,594,2282,1201,1081,1210,1
0,0,0,0,0,0,0,0,0,0,0,0,0,0,0
7,25,24,1,1,0,0,8,8,0,21,20,1,2,0
3993,21768,11384,10384,5083,1757,1,9702,5741,3961,6184,4827,1357,2674,30
243,1273,695,578,263,0,0,607,368,239,380,298,82,131,1
0,0,0,0,0,0,0,0,0,0,0,0,0,0,0
428,2234,1186,1048,496,851,14,788,487,301,764,563,201,340,0
129,604,337,267,137,5,0,163,82,81,240,162,78,1,0
52,251,128,123,70,2,0,69,43,26,67,65,2,56,0
0,0,0,0,0,0,0,0,0,0,0,0,0,0,0
180,996,531,465,236,16,0,363,225,138,211,205,6,1,1
196,1193,603,590,228,0,0,409,238,171,279,257,22,226,0
1225,6876,3652,3224,1392,827,2,3405,2038,1367,2265,1614,651,517,4
2686,15970,8402,7568,3601,1285,4,6847,4266,2581,5055,3765,1290,492,13
0,0,0,0,0,0,0,0,0,0,0,0,0,0,0
0,0,0,0,0,0,0,0,0,0,0,0,0,0,0
0,0,0,0,0,0,0,0,0,0,0,0,0,0,0
4580,24620,13158,11462,5608,3347,56,11039,6774,4265,9379,5924,3455,3076,125
0,0,0,0,0,0,0,0,0,0,0,0,0,0,0
3418,19178,10150,9028,4169,2679,12,8121,5075,3046,7381,4687,2694,3347,17
1011,5117,2680,2437,1242,207,4,1676,1034,642,2667,1372,1295,523,13
2196,12324,6422,5902,2831,788,1,3701,2325,1376,5941,3204,2737,1182,45
0,0,0,0,0,0,0,0,0,0,0,0,0,0,0
0,0,0,0,0,0,0,0,0,0,0,0,0,0,0
0,0,0,0,0,0,0,0,0,0,0,0,0,0,0
0,0,0,0,0,0,0,0,0,0,0,0,0,0,0
0,0,0,0,0,0,0,0,0,0,0,0,0,0,0
0,0,0,0,0,0,0,0,0,0,0,0,0,0,0
0,0,0,0,0,0,0,0,0,0,0,0,0,0,0
0,0,0,0,0,0,0,0,0,0,0,0,0,0,0
0,0,0,0,0,0,0,0,0,0,0,0,0,0,0
0,0,0,0,0,0,0,0,0,0,0,0,0,0,0
226,1205,624,581,276,244,0,361,234,127,750,394,356,8,0
5,27,12,15,5,0,0,12,8,4,10,5,5,3,0
0,0,0,0,0,0,0,0,0,0,0,0,0,0,0
40,248,126,122,61,0,0,35,27,8,101,58,43,55,2
0,0,0,0,0,0,0,0,0,0,0,0,0,0,0
0,0,0,0,0,0,0,0,0,0,0,0,0,0,0
0,0,0,0,0,0,0,0,0,0,0,0,0,0,0
0,0,0,0,0,0,0,0,0,0,0,0,0,0,0
0,0,0,0,0,0,0,0,0,0,0,0,0,0,0
2694,14946,7826,7120,3196,1289,45,5632,3451,2181,6305,3516,2789,3884,38
