No of Households,Total Population Person,Total Population Male,Total Population Female,Population in the age group 0-6 Person,Scheduled Castes population Person,Scheduled Tribes population Person,Literates Population Person,Literates Population Male,Literates Population Female,Total Worker Population Person,Total Worker Population Male,Total Worker Population Female,Main Agricultural Labourers Population Person,Main Household Industries Population Person
12875,85945,45809,40136,15884,10027,20,45390,27901,17489,28790,20883,7907,9867,741
12875,85945,45809,40136,15884,10027,20,45390,27901,17489,28790,20883,7907,9867,741
0,0,0,0,0,0,0,0,0,0,0,0,0,0,0
574,3916,2075,1841,754,983,0,1827,1102,725,1816,1074,742,929,25
1874,12316,6729,5587,2048,770,0,7150,4238,2912,4373,3171,1202,1845,264
479,3439,1818,1621,579,26,0,1734,1110,624,1363,883,480,253,50
393,2364,1263,1101,404,241,0,1490,872,618,549,517,32,67,2
0,0,0,0,0,0,0,0,0,0,0,0,0,0,0
250,2011,1087,924,464,449,0,635,463,172,833,507,326,257,0
220,1337,696,641,188,50,6,919,532,387,366,324,42,50,0
593,3600,1906,1694,633,79,0,2053,1239,814,955,873,82,369,3
225,1422,763,659,247,0,0,859,488,371,400,357,43,43,20
218,1447,753,694,304,3,0,651,449,202,559,370,189,166,4
153,1039,544,495,137,25,0,614,362,252,260,247,13,155,1
69,373,194,179,59,0,0,281,153,128,123,102,21,56,0
153,882,483,399,117,5,0,584,361,223,272,224,48,68,4
62,480,261,219,88,0,0,249,152,97,100,90,10,17,1
49,324,178,146,77,55,0,43,41,2,166,99,67,91,0
261,1836,1028,808,381,289,0,638,437,201,747,436,311,461,14
74,574,315,259,108,99,0,178,129,49,313,181,132,0,4
101,868,471,397,189,271,0,330,209,121,327,212,115,139,7
400,2694,1408,1286,615,252,5,939,666,273,725,597,128,202,5
353,2078,1087,991,329,298,0,1152,701,451,690,483,207,249,46
176,1177,589,588,313,38,0,450,297,153,308,223,85,153,8
367,2312,1207,1105,560,396,0,955,647,308,915,553,362,311,3
214,1730,930,800,309,159,0,733,494,239,602,407,195,289,1
407,2935,1592,1343,690,386,0,1112,790,322,1018,648,370,561,12
368,2923,1558,1365,667,484,0,1306,907,399,1164,636,528,262,5
288,1924,1043,881,354,286,0,1011,708,303,522,439,83,143,2
83,783,409,374,166,105,0,363,245,118,348,182,166,149,0
1255,7721,4047,3674,1371,1393,7,4513,2629,1884,2213,1806,407,901,60
0,0,0,0,0,0,0,0,0,0,0,0,0,0,0
0,0,0,0,0,0,0,0,0,0,0,0,0,0,0
170,1220,615,605,180,162,0,821,457,364,302,202,100,32,2
585,3976,2105,1871,702,431,2,2459,1445,1014,1526,997,529,416,27
314,2383,1265,1118,392,492,0,1579,910,669,699,542,157,82,33
220,1507,786,721,257,48,0,937,532,405,493,375,118,20,0
982,6517,3506,3011,1112,507,0,3529,2189,1340,2077,1703,374,454,81
543,3260,1690,1570,521,337,0,2024,1156,868,810,763,47,188,53
121,860,461,399,161,0,0,584,327,257,231,213,18,43,3
281,1717,947,770,408,908,0,688,464,224,625,447,178,446,1
8345,51496,27369,24127,9252,4628,254,25811,15550,10261,16990,12520,4470,4484,985
8345,51496,27369,24127,9252,4628,254,25811,15550,10261,16990,12520,4470,4484,985
0,0,0,0,0,0,0,0,0,0,0,0,0,0,0
1786,11442,6060,5382,2335,676,0,4105,2618,1487,3830,2452,1378,2246,66
492,3048,1583,1465,616,411,0,1204,736,468,1195,721,474,34,19
215,1356,726,630,161,185,0,1008,582,426,507,371,136,27,3
0,0,0,0,0,0,0,0,0,0,0,0,0,0,0
211,1410,724,686,256,360,4,740,443,297,510,360,150,142,0
356,2188,1152,1036,306,297,0,1462,817,645,669,553,116,67,28
80,555,289,266,124,319,7,186,108,78,266,138,128,0,0
381,2228,1204,1024,376,231,0,1345,837,508,692,583,109,31,5
188,1000,522,478,176,8,0,536,332,204,240,225,15,79,0
0,0,0,0,0,0,0,0,0,0,0,0,0,0,0
106,589,294,295,139,344,243,262,174,88,293,155,138,116,5
0,0,0,0,0,0,0,0,0,0,0,0,0,0,0
0,0,0,0,0,0,0,0,0,0,0,0,0,0,0
283,1888,1028,860,361,53,0,1014,598,416,633,453,180,10,4
1134,7196,3892,3304,1042,695,0,4453,2624,1829,2422,1980,442,471,216
1824,10500,5597,4903,1880,815,0,5951,3507,2444,3007,2628,379,583,82
111,770,410,360,169,0,0,310,203,107,347,182,165,108,12
511,3103,1672,1431,519,21,0,1540,955,585,887,704,183,39,40
587,3633,1892,1741,700,156,0,1364,813,551,1284,859,425,473,502
80,590,324,266,92,57,0,331,203,128,208,156,52,58,3
0,0,0,0,0,0,0,0,0,0,0,0,0,0,0
0,0,0,0,0,0,0,0,0,0,0,0,0,0,0
48654,290998,154509,136489,52878,42225,5718,150146,90281,59865,92810,69593,23217,20296,1749
48654,290998,154509,136489,52878,42225,5718,150146,90281,59865,92810,69593,23217,20296,1749
0,0,0,0,0,0,0,0,0,0,0,0,0,0,0
5,20,12,8,0,0,0,10,6,4,5,5,0,0,0
380,2278,1226,1052,449,1346,0,907,602,305,933,575,358,338,2
662,4041,2165,1876,847,312,0,1749,1079,670,1147,949,198,334,14
361,2006,1078,928,362,281,0,1142,698,444,530,476,54,13,7
522,3481,1858,1623,698,201,0,1368,883,485,939,781,158,5,8
189,987,529,458,151,0,0,703,383,320,251,236,15,2,3
0,0,0,0,0,0,0,0,0,0,0,0,0,0,0
0,0,0,0,0,0,0,0,0,0,0,0,0,0,0
0,0,0,0,0,0,0,0,0,0,0,0,0,0,0
523,3289,1744,1545,569,17,0,2000,1177,823,1113,899,214,77,2
2024,11604,6162,5442,2152,1048,0,5943,3567,2376,4031,2869,1162,1089,194
196,1552,836,716,274,72,0,808,482,326,587,370,217,204,85
46,281,135,146,79,37,0,92,59,33,104,59,45,26,3
56,352,180,172,63,0,0,190,117,73,84,77,7,7,0
2109,12893,6899,5994,2214,874,20,6867,4138,2729,3636,2936,700,966,101
52,332,168,164,67,108,0,168,108,60,62,60,2,0,3
1268,7451,3931,3520,1233,518,8,4534,2650,1884,1819,1634,185,236,57
2231,13438,7178,6260,2180,1054,28,8698,5087,3611,3775,3171,604,388,295
27,169,83,86,39,9,0,60,36,24,58,31,27,3,4
493,3262,1715,1547,659,724,13,1547,990,557,901,755,146,109,10
248,1703,907,796,320,128,0,1120,646,474,461,390,71,9,4
110,677,354,323,168,92,0,123,91,32,277,140,137,182,0
293,1730,903,827,252,0,0,1173,647,526,475,454,21,33,2
5,28,16,12,5,0,0,16,12,4,6,6,0,0,0
0,0,0,0,0,0,0,0,0,0,0,0,0,0,0
301,1914,1007,907,397,257,0,1094,629,465,522,501,21,104,0
16,82,38,44,12,0,0,39,23,16,14,14,0,3,0
0,0,0,0,0,0,0,0,0,0,0,0,0,0,0
1270,7434,3917,3517,1319,480,0,4028,2325,1703,2222,1693,529,713,18
494,2638,1420,1218,442,303,7,1450,873,577,908,656,252,439,10
0,0,0,0,0,0,0,0,0,0,0,0,0,0,0
1,7,3,4,2,0,0,4,1,3,2,1,1,0,0
0,0,0,0,0,0,0,0,0,0,0,0,0,0,0
123,827,453,374,195,113,0,266,183,83,423,232,191,320,9
449,2787,1523,1264,552,1211,93,1214,776,438,906,640,266,246,5
1262,7981,4256,3725,1623,1244,15,3085,1857,1228,2811,1931,880,1256,14
369,2566,1343,1223,515,633,4,1246,737,509,867,636,231,230,0
0,0,0,0,0,0,0,0,0,0,0,0,0,0,0
111,640,354,286,128,100,2,307,199,108,179,168,11,0,0
228,1244,666,578,270,372,0,674,378,296,349,328,21,156,0
86,688,400,288,72,38,0,371,265,106,388,213,175,350,0
531,2908,1584,1324,508,495,5,1614,935,679,833,677,156,128,23
878,5008,2621,2387,883,520,13,2283,1324,959,1844,1179,665,190,10
119,705,402,303,138,372,0,360,224,136,198,155,43,2,0
0,0,0,0,0,0,0,0,0,0,0,0,0,0,0
1534,8788,4668,4120,1880,776,15,3824,2354,1470,3117,2010,1107,805,24
339,2016,1086,930,479,117,0,573,345,228,787,499,288,64,0
539,3537,1820,1717,748,116,0,1449,850,599,1416,858,558,287,6
381,2128,1145,983,323,205,0,1487,855,632,947,620,327,289,52
381,2207,1165,1042,371,749,31,1068,636,432,770,565,205,38,7
711,3860,2019,1841,587,43,0,2504,1420,1084,1190,914,276,136,2
635,3594,1942,1652,715,394,6,1300,837,463,1172,785,387,154,8
176,1018,556,462,119,108,1,699,405,294,477,280,197,19,0
211,1288,691,597,214,296,9,765,478,287,556,355,201,3,4
254,1468,812,656,263,296,0,922,545,377,510,371,139,4,16
15,98,51,47,15,14,0,65,37,28,23,21,2,0,0
390,2383,1252,1131,420,549,3,1479,830,649,812,601,211,49,4
426,2415,1289,1126,405,338,4,1110,686,424,736,589,147,5,6
218,1311,670,641,273,687,309,528,294,234,466,313,153,128,0
249,1709,921,788,281,514,14,908,566,342,419,401,18,6,0
0,0,0,0,0,0,0,0,0,0,0,0,0,0,0
618,3848,2073,1775,570,311,1,2402,1428,974,1516,1051,465,229,3
940,5785,3079,2706,986,851,6,3051,1859,1192,1816,1435,381,414,44
0,0,0,0,0,0,0,0,0,0,0,0,0,0,0
0,0,0,0,0,0,0,0,0,0,0,0,0,0,0
0,0,0,0,0,0,0,0,0,0,0,0,0,0,0
0,0,0,0,0,0,0,0,0,0,0,0,0,0,0
1529,9436,5074,4362,1579,1033,5,5257,3167,2090,2552,2192,360,596,131
0,0,0,0,0,0,0,0,0,0,0,0,0,0,0
0,0,0,0,0,0,0,0,0,0,0,0,0,0,0
774,4404,2298,2106,645,586,0,2930,1644,1286,1266,1006,260,206,17
888,5202,2751,2451,848,575,1,2858,1681,1177,1773,1286,487,235,25
225,1229,622,607,206,162,0,650,365,285,378,309,69,283,1
222,1268,703,565,193,254,0,777,482,295,393,342,51,183,6
85,673,360,313,125,155,0,322,224,98,182,179,3,170,0
695,3669,1889,1780,733,10,1810,1132,720,412,1217,825,392,443,3
0,0,0,0,0,0,0,0,0,0,0,0,0,0,0
481,2676,1428,1248,425,409,180,1582,921,661,717,626,91,291,13
973,5944,3069,2875,1146,1539,4,2726,1649,1077,2273,1405,868,975,32
145,1044,551,493,187,673,13,657,404,253,313,243,70,39,5
0,0,0,0,0,0,0,0,0,0,0,0,0,0,0
262,1392,757,635,223,516,2,809,515,294,400,313,87,9,102
31,192,111,81,40,0,0,126,76,50,41,40,1,12,0
0,0,0,0,0,0,0,0,0,0,0,0,0,0,0
185,976,519,457,205,389,171,416,260,156,347,229,118,15,3
704,4181,2251,1930,733,442,13,2375,1433,942,1372,1044,328,353,7
128,821,438,383,119,129,0,554,351,203,228,212,16,5,0
0,0,0,0,0,0,0,0,0,0,0,0,0,0,0
266,1384,727,657,320,718,1,677,409,268,519,377,142,58,0
220,1298,690,608,217,153,0,555,354,201,326,317,9,95,0
372,2157,1130,1027,382,402,7,1187,741,446,688,553,135,294,6
174,1041,552,489,181,14,0,620,372,248,265,231,34,6,6
369,2277,1202,1075,348,375,0,1391,837,554,595,528,67,268,5
37,185,93,92,46,0,185,24,12,12,74,42,32,0,1
787,4304,2223,2081,881,753,1823,1232,788,444,1777,1055,722,135,3
373,1867,969,898,404,453,0,717,436,281,690,452,238,58,7
0,0,0,0,0,0,0,0,0,0,0,0,0,0,0
0,0,0,0,0,0,0,0,0,0,0,0,0,0,0
202,1055,561,494,209,182,0,519,328,191,271,230,41,1,0
77,469,244,225,116,235,0,188,121,67,124,112,12,1,0
72,440,245,195,79,144,0,221,152,69,89,85,4,66,0
85,503,286,217,86,140,0,346,214,132,140,104,36,83,1
232,1148,633,515,158,0,0,855,489,366,287,262,25,79,5
31,144,69,75,46,126,0,47,25,22,62,35,27,60,0
151,867,462,405,147,77,1,594,338,256,212,203,9,13,0
210,1111,581,530,204,339,0,641,391,250,312,257,55,165,5
796,4746,2456,2290,1081,1077,801,1360,858,502,1816,1156,660,1059,55
0,0,0,0,0,0,0,0,0,0,0,0,0,0,0
0,0,0,0,0,0,0,0,0,0,0,0,0,0,0
74,331,182,149,68,314,0,57,31,26,149,78,71,143,1
192,1042,580,462,178,85,6,623,394,229,248,225,23,63,12
351,1966,1035,931,401,104,0,962,603,359,519,481,38,53,4
0,0,0,0,0,0,0,0,0,0,0,0,0,0,0
14,94,47,47,21,0,0,48,31,17,41,26,15,13,0
0,0,0,0,0,0,0,0,0,0,0,0,0,0,0
173,1273,690,583,228,469,4,524,351,173,321,307,14,0,0
224,1532,783,749,318,400,1,393,262,131,394,362,32,1,0
0,0,0,0,0,0,0,0,0,0,0,0,0,0,0
0,0,0,0,0,0,0,0,0,0,0,0,0,0,0
0,0,0,0,0,0,0,0,0,0,0,0,0,0,0
0,0,0,0,0,0,0,0,0,0,0,0,0,0,0
0,0,0,0,0,0,0,0,0,0,0,0,0,0,0
0,0,0,0,0,0,0,0,0,0,0,0,0,0,0
0,0,0,0,0,0,0,0,0,0,0,0,0,0,0
0,0,0,0,0,0,0,0,0,0,0,0,0,0,0
0,0,0,0,0,0,0,0,0,0,0,0,0,0,0
105,535,294,241,113,245,0,286,198,88,220,158,62,6,0
0,0,0,0,0,0,0,0,0,0,0,0,0,0,0
0,0,0,0,0,0,0,0,0,0,0,0,0,0,0
0,0,0,0,0,0,0,0,0,0,0,0,0,0,0
930,5470,2875,2595,1051,1300,0,2866,1791,1075,1640,1264,376,85,9
41,200,95,105,50,173,1,26,14,12,85,47,38,73,0
0,0,0,0,0,0,0,0,0,0,0,0,0,0,0
0,0,0,0,0,0,0,0,0,0,0,0,0,0,0
164,793,427,366,132,153,0,364,241,123,433,237,196,32,0
228,995,496,499,258,497,0,316,184,132,313,194,119,41,2
204,1199,656,543,211,19,0,560,345,215,394,266,128,7,5
317,2098,1147,951,347,341,8,962,634,328,1059,585,474,142,16
99,693,358,335,141,0,0,332,200,132,347,194,153,25,1
240,1450,748,702,149,11,0,1107,627,480,501,402,99,28,4
0,0,0,0,0,0,0,0,0,0,0,0,0,0,0
0,0,0,0,0,0,0,0,0,0,0,0,0,0,0
0,0,0,0,0,0,0,0,0,0,0,0,0,0,0
344,2106,1070,1036,404,175,0,998,592,406,503,458,45,90,2
1,3,2,1,0,0,0,1,1,0,3,2,1,0,0
0,0,0,0,0,0,0,0,0,0,0,0,0,0,0
291,1618,894,724,269,193,0,978,608,370,404,390,14,8,2
65,379,200,179,85,0,0,121,88,33,92,70,22,10,0
349,2356,1254,1102,475,126,4,1169,702,467,559,521,38,104,3
1122,7291,3857,3434,1527,1075,11,3043,1932,1111,2315,1598,717,105,9
1008,6776,3697,3079,1402,828,10,3369,2136,1233,2186,1727,459,479,31
0,0,0,0,0,0,0,0,0,0,0,0,0,0,0
0,0,0,0,0,0,0,0,0,0,0,0,0,0,0
0,0,0,0,0,0,0,0,0,0,0,0,0,0,0
0,0,0,0,0,0,0,0,0,0,0,0,0,0,0
0,0,0,0,0,0,0,0,0,0,0,0,0,0,0
0,0,0,0,0,0,0,0,0,0,0,0,0,0,0
0,0,0,0,0,0,0,0,0,0,0,0,0,0,0
0,0,0,0,0,0,0,0,0,0,0,0,0,0,0
622,3526,1872,1654,464,169,0,2361,1368,993,1145,889,256,485,1
408,2569,1363,1206,522,678,18,1005,608,397,930,644,286,360,38
0,0,0,0,0,0,0,0,0,0,0,0,0,0,0
654,3932,2048,1884,734,952,9,1853,1112,741,1339,942,397,297,50
230,1333,719,614,212,298,1,750,443,307,314,269,45,28,2
402,2655,1404,1251,477,460,2,1680,995,685,804,618,186,123,5
41,179,100,79,20,179,0,34,20,14,76,40,36,76,0
359,2085,1103,982,298,275,1,1316,749,567,726,505,221,81,2
1475,9376,4964,4412,1429,1323,18,5930,3442,2488,2510,2145,365,258,52
0,0,0,0,0,0,0,0,0,0,0,0,0,0,0
0,0,0,0,0,0,0,0,0,0,0,0,0,0,0
0,0,0,0,0,0,0,0,0,0,0,0,0,0,0
0,0,0,0,0,0,0,0,0,0,0,0,0,0,0
0,0,0,0,0,0,0,0,0,0,0,0,0,0,0
0,0,0,0,0,0,0,0,0,0,0,0,0,0,0
0,0,0,0,0,0,0,0,0,0,0,0,0,0,0
0,0,0,0,0,0,0,0,0,0,0,0,0,0,0
0,0,0,0,0,0,0,0,0,0,0,0,0,0,0
75,467,236,231,74,0,0,311,170,141,126,110,16,35,0
0,0,0,0,0,0,0,0,0,0,0,0,0,0,0
0,0,0,0,0,0,0,0,0,0,0,0,0,0,0
0,0,0,0,0,0,0,0,0,0,0,0,0,0,0
0,0,0,0,0,0,0,0,0,0,0,0,0,0,0
0,0,0,0,0,0,0,0,0,0,0,0,0,0,0
16,117,64,53,22,0,0,69,40,29,25,24,1,1,0
19595,121216,63143,58073,24577,20477,239,54955,33250,21705,38284,28804,9480,12986,786
19595,121216,63143,58073,24577,20477,239,54955,33250,21705,38284,28804,9480,12986,786
0,0,0,0,0,0,0,0,0,0,0,0,0,0,0
659,3520,1839,1681,668,17,0,1699,977,722,1005,901,104,67,3
0,0,0,0,0,0,0,0,0,0,0,0,0,0,0
380,2414,1284,1130,442,870,0,1425,870,555,635,569,66,183,44
289,1747,970,777,355,313,3,810,500,310,371,339,32,306,0
1140,7212,3811,3401,1414,323,11,3338,1997,1341,1723,1529,194,143,60
0,0,0,0,0,0,0,0,0,0,0,0,0,0,0
0,0,0,0,0,0,0,0,0,0,0,0,0,0,0
0,0,0,0,0,0,0,0,0,0,0,0,0,0,0
977,5622,2930,2692,1148,1136,34,2229,1336,893,1583,1176,407,125,49
0,0,0,0,0,0,0,0,0,0,0,0,0,0,0
330,1730,869,861,380,559,0,603,346,257,525,435,90,220,8
368,2184,1154,1030,347,256,17,1449,819,630,546,495,51,11,11
370,2389,1271,1118,492,281,0,849,557,292,653,533,120,138,0
0,0,0,0,0,0,0,0,0,0,0,0,0,0,0
255,1387,684,703,289,184,0,676,398,278,316,292,24,165,10
586,3409,1801,1608,762,1297,19,1379,940,439,932,719,213,418,7
486,2976,1561,1415,672,294,6,1285,792,493,1049,743,306,355,10
915,5331,2755,2576,1040,1216,10,2333,1452,881,1501,1234,267,441,37
187,1186,612,574,239,131,0,603,373,230,337,287,50,9,1
388,2502,1290,1212,571,24,0,888,606,282,777,586,191,96,4
339,1981,1050,931,327,5,0,894,602,292,630,434,196,51,0
44,211,103,108,51,208,2,44,26,18,118,59,59,104,0
885,6249,3208,3041,1244,796,4,3137,1818,1319,2053,1416,637,439,122
227,1497,771,726,318,190,0,697,356,341,736,372,364,347,17
0,0,0,0,0,0,0,0,0,0,0,0,0,0,0
299,2002,1047,955,449,549,21,725,459,266,757,469,288,155,33
261,1553,782,771,291,523,1,744,422,322,672,442,230,417,2
393,2593,1340,1253,472,547,19,1569,883,686,1013,635,378,534,11
503,3011,1563,1448,593,409,4,1457,944,513,1252,730,522,673,0
0,0,0,0,0,0,0,0,0,0,0,0,0,0,0
145,1040,549,491,240,281,0,420,280,140,514,290,224,136,12
621,3818,1921,1897,779,1254,15,1698,952,746,1269,947,322,720,3
304,1880,992,888,314,181,3,864,514,350,651,503,148,51,0
162,1055,541,514,200,824,0,550,335,215,505,273,232,354,0
1403,8334,4422,3912,1596,914,23,3748,2304,1444,2142,1963,179,562,42
580,3253,1651,1602,720,1287,0,1028,604,424,832,725,107,380,7
9,52,25,27,9,0,0,20,11,9,17,11,6,0,0
392,2481,1368,1113,589,344,1,839,556,283,670,562,108,221,1
1200,7326,3654,3672,1392,590,34,3509,2002,1507,2039,1662,377,526,214
137,845,407,438,178,118,0,370,231,139,324,203,121,84,8
0,0,0,0,0,0,0,0,0,0,0,0,0,0,0
72,427,218,209,101,208,0,229,121,108,107,84,23,1,1
163,999,546,453,183,154,1,429,281,148,702,403,299,605,0
1079,6528,3464,3064,1371,944,5,2625,1652,973,2363,1644,719,1182,10
158,912,471,441,245,406,2,332,203,129,432,235,197,250,1
129,792,421,371,206,85,0,281,192,89,284,192,92,2,14
0,0,0,0,0,0,0,0,0,0,0,0,0,0,0
586,3737,1961,1776,677,507,0,2156,1242,914,1559,990,569,555,1
125,871,439,432,244,0,0,299,188,111,247,213,34,178,2
16,76,38,38,18,0,0,35,19,16,33,20,13,15,0
394,2721,1394,1327,638,338,1,1057,647,410,746,572,174,376,1
76,577,304,273,144,238,0,241,148,93,284,168,116,181,0
202,1467,758,709,306,495,2,638,392,246,370,352,18,99,0
221,1602,833,769,381,499,1,681,460,221,467,351,116,167,0
167,1289,661,628,324,98,0,560,341,219,506,324,182,156,0
0,0,0,0,0,0,0,0,0,0,0,0,0,0,0
82,586,319,267,137,0,0,207,128,79,293,158,135,228,0
107,684,351,333,141,29,0,280,163,117,214,171,43,170,8
0,0,0,0,0,0,0,0,0,0,0,0,0,0,0
10,66,36,30,14,0,0,22,11,11,22,19,3,14,0
276,1899,1017,882,316,263,0,1148,685,463,700,600,100,108,8
0,0,0,0,0,0,0,0,0,0,0,0,0,0,0
0,0,0,0,0,0,0,0,0,0,0,0,0,0,0
0,0,0,0,0,0,0,0,0,0,0,0,0,0,0
0,0,0,0,0,0,0,0,0,0,0,0,0,0,0
288,1778,938,840,265,52,0,1136,672,464,465,440,25,69,22
210,1415,749,666,285,240,0,720,443,277,343,334,9,199,2
17773,107144,55859,51285,21467,18608,1709,47520,30204,17316,34989,25238,9751,8652,341
17773,107144,55859,51285,21467,18608,1709,47520,30204,17316,34989,25238,9751,8652,341
0,0,0,0,0,0,0,0,0,0,0,0,0,0,0
539,3124,1626,1498,674,334,0,1373,837,536,815,700,115,357,9
283,1533,826,707,233,451,3,950,599,351,505,330,175,83,0
285,1804,945,859,375,132,3,908,589,319,433,337,96,108,0
0,0,0,0,0,0,0,0,0,0,0,0,0,0,0
785,4223,2253,1970,887,412,0,2107,1398,709,995,935,60,218,0
0,0,0,0,0,0,0,0,0,0,0,0,0,0,0
0,0,0,0,0,0,0,0,0,0,0,0,0,0,0
171,1174,627,547,261,200,0,602,395,207,307,238,69,79,4
115,681,343,338,114,219,0,428,243,185,262,165,97,12,2
322,1891,990,901,419,396,0,883,592,291,566,430,136,15,0
276,1602,854,748,360,246,2,772,493,279,424,352,72,5,1
88,568,297,271,115,28,0,284,199,85,148,117,31,73,9
547,3331,1749,1582,823,276,0,1378,887,491,1160,692,468,164,3
83,669,350,319,106,159,3,500,264,236,195,152,43,3,0
483,2944,1541,1403,585,466,4,1446,913,533,1322,819,503,236,38
245,1600,805,795,332,122,8,586,405,181,393,331,62,18,0
91,583,301,282,132,351,2,268,167,101,295,148,147,0,0
170,1184,630,554,227,0,0,597,401,196,470,310,160,2,2
362,2024,1085,939,467,206,0,879,612,267,816,510,306,92,17
31,200,103,97,46,0,0,82,56,26,38,37,1,1,0
238,1389,719,670,302,521,2,461,254,207,390,329,61,133,6
532,3264,1688,1576,712,601,3,1192,764,428,961,715,246,121,17
211,1398,716,682,291,53,0,663,411,252,338,305,33,90,0
288,1689,914,775,314,783,0,969,591,378,807,497,310,186,1
636,4394,2279,2115,858,749,4,1596,1040,556,1644,1017,627,284,14
1586,9143,4710,4433,1720,1354,19,4013,2558,1455,3046,2115,931,788,16
0,0,0,0,0,0,0,0,0,0,0,0,0,0,0
210,1449,751,698,302,99,0,473,305,168,334,328,6,20,2
317,2041,1064,977,337,59,0,1116,699,417,598,414,184,88,35
588,3673,1879,1794,664,540,116,1736,1035,701,1130,895,235,146,7
608,3616,1858,1758,622,755,332,1513,994,519,1039,907,132,193,21
506,3056,1590,1466,575,731,4,1348,859,489,1557,869,688,562,7
303,2025,1068,957,398,288,0,905,598,307,525,451,74,70,2
228,1207,641,566,250,656,16,492,304,188,393,301,92,259,3
420,2773,1496,1277,534,388,0,1215,854,361,827,623,204,410,18
86,449,234,215,93,15,0,232,145,87,118,101,17,38,0
713,3936,2063,1873,777,1035,17,2024,1230,794,1551,1016,535,544,20
50,299,144,155,55,31,0,204,116,88,125,71,54,0,0
12,57,25,32,9,6,0,40,19,21,19,15,4,2,0
843,4731,2436,2295,924,1096,4,2243,1369,874,1365,1090,275,566,24
389,2292,1109,1183,477,459,12,1110,651,459,987,524,463,180,4
255,1459,767,692,279,408,0,544,361,183,398,373,25,99,1
25,164,77,87,39,0,0,57,37,20,45,37,8,28,0
51,261,131,130,59,0,0,132,82,50,108,51,57,5,2
217,1336,709,627,284,130,0,699,433,266,363,355,8,49,0
50,345,190,155,72,0,0,102,73,29,135,82,53,0,0
261,1417,744,673,275,255,1,658,439,219,573,338,235,269,0
310,2066,1047,1019,418,109,0,951,591,360,694,486,208,218,19
49,283,146,137,56,0,0,101,75,26,136,75,61,77,0
222,1495,780,715,298,409,4,685,449,236,440,391,49,13,1
0,0,0,0,0,0,0,0,0,0,0,0,0,0,0
0,0,0,0,0,0,0,0,0,0,0,0,0,0,0
0,0,0,0,0,0,0,0,0,0,0,0,0,0,0
417,2480,1298,1182,525,646,2,994,617,377,734,528,206,219,2
280,1514,815,699,300,0,0,528,362,166,383,357,26,156,2
0,0,0,0,0,0,0,0,0,0,0,0,0,0,0
336,2100,1112,988,408,284,8,1053,680,373,731,499,232,94,0
329,1996,1021,975,405,263,0,776,491,285,427,408,19,58,9
46,328,183,145,60,21,0,178,118,60,140,91,49,0,6
372,2326,1193,1133,452,665,5,851,520,331,692,563,129,193,3
31,156,82,74,33,69,0,25,14,11,80,44,36,55,0
0,0,0,0,0,0,0,0,0,0,0,0,0,0,0
312,2080,1107,973,467,623,13,746,496,250,520,461,59,300,1
0,0,0,0,0,0,0,0,0,0,0,0,0,0,0
0,0,0,0,0,0,0,0,0,0,0,0,0,0,0
347,2117,1123,994,379,490,1,759,462,297,1026,617,409,332,13
132,699,351,348,172,19,678,52,31,21,341,175,166,341,0
91,506,274,232,116,0,443,41,27,14,125,121,4,0,0
13910,85105,44056,41049,16788,16897,94,43617,25610,18007,28548,20343,8205,6443,293
13910,85105,44056,41049,16788,16897,94,43617,25610,18007,28548,20343,8205,6443,293
0,0,0,0,0,0,0,0,0,0,0,0,0,0,0
115,620,314,306,159,83,0,369,184,185,254,110,144,78,1
825,5173,2673,2500,949,1291,0,3013,1666,1347,1637,1328,309,224,16
0,0,0,0,0,0,0,0,0,0,0,0,0,0,0
239,1650,842,808,379,305,1,649,408,241,517,395,122,1,0
285,1686,834,852,343,340,4,824,449,375,589,378,211,29,0
194,1230,648,582,237,213,2,727,441,286,327,260,67,85,0
881,5378,2771,2607,1060,1533,2,2751,1611,1140,1926,1379,547,864,20
312,1986,1019,967,359,209,0,1350,752,598,651,495,156,127,8
442,2502,1295,1207,448,465,3,1179,704,475,727,624,103,147,24
227,1601,812,789,402,167,0,699,422,277,468,368,100,66,3
190,1416,713,703,329,329,6,567,370,197,553,334,219,77,3
577,3206,1698,1508,502,294,3,1963,1150,813,931,825,106,351,40
278,1824,953,871,319,187,5,1066,650,416,535,422,113,68,2
273,1740,905,835,376,179,0,878,491,387,488,391,97,214,11
563,3156,1646,1510,694,696,0,1455,877,578,1167,682,485,253,18
564,3318,1741,1577,748,688,0,1669,996,673,1308,856,452,221,23
328,1908,973,935,365,438,1,1046,597,449,691,467,224,103,3
596,3547,1815,1732,641,859,1,1687,1004,683,1345,799,546,369,40
348,2347,1217,1130,470,537,2,1083,697,386,969,594,375,204,3
171,1005,543,462,172,350,1,490,354,136,417,302,115,62,2
461,2603,1345,1258,414,543,2,1377,793,584,713,606,107,348,3
34,220,114,106,49,220,0,114,68,46,80,43,37,0,0
355,2203,1177,1026,439,599,4,1090,710,380,737,513,224,349,1
228,1526,794,732,362,129,0,558,360,198,579,375,204,311,2
1464,8415,4354,4061,1505,2455,14,4547,2556,1991,2625,2070,555,696,9
125,892,451,441,176,59,0,337,210,127,146,127,19,27,2
230,1481,743,738,307,196,0,846,460,386,609,344,265,46,5
774,4833,2540,2293,981,967,8,2525,1531,994,1778,1214,564,149,6
1017,6265,3269,2996,1218,867,21,3344,1972,1372,1925,1450,475,191,34
784,4830,2463,2367,981,733,11,2208,1241,967,1682,1130,552,350,6
769,5066,2632,2434,1111,474,0,2355,1394,961,1688,1129,559,417,8
261,1478,762,716,293,492,3,851,492,359,486,333,153,16,0
18096,115997,60118,55879,23021,25432,91,55183,33349,21834,43750,28136,15614,11859,626
18096,115997,60118,55879,23021,25432,91,55183,33349,21834,43750,28136,15614,11859,626
0,0,0,0,0,0,0,0,0,0,0,0,0,0,0
144,851,451,400,112,0,0,607,374,233,265,237,28,207,1
123,654,331,323,128,266,2,356,174,182,339,164,175,45,23
430,3250,1710,1540,603,1086,1,1225,804,421,1408,849,559,251,3
27,173,84,89,45,173,0,45,20,25,41,41,0,0,0
0,0,0,0,0,0,0,0,0,0,0,0,0,0,0
139,1014,529,485,199,183,0,560,338,222,337,224,113,13,1
0,0,0,0,0,0,0,0,0,0,0,0,0,0,0
1093,6637,3435,3202,1344,1402,5,3134,1888,1246,2819,1730,1089,772,7
240,1783,940,843,336,314,1,950,566,384,563,434,129,140,1
0,0,0,0,0,0,0,0,0,0,0,0,0,0,0
439,2692,1401,1291,402,30,0,1952,1113,839,721,671,50,45,8
255,1578,817,761,295,286,0,767,462,305,577,403,174,123,6
431,2732,1437,1295,518,377,0,1752,976,776,954,701,253,341,32
210,1200,628,572,216,152,1,729,415,314,504,304,200,236,0
0,0,0,0,0,0,0,0,0,0,0,0,0,0,0
437,2924,1534,1390,543,660,0,1164,782,382,1298,707,591,638,64
117,831,432,399,195,220,0,301,196,105,452,233,219,192,0
174,1146,613,533,231,304,0,545,355,190,298,273,25,118,1
371,2304,1213,1091,502,655,0,915,587,328,647,557,90,260,1
228,1257,592,665,264,387,3,504,277,227,614,302,312,1,19
138,837,414,423,205,186,0,472,249,223,308,157,151,2,0
649,4384,2285,2099,780,718,7,2503,1501,1002,1186,858,328,34,13
1036,6334,3280,3054,1223,1541,6,2864,1683,1181,2501,1496,1005,379,59
461,2934,1522,1412,630,444,22,1408,844,564,766,649,117,196,9
621,3598,1861,1737,632,657,3,1656,1047,609,1385,848,537,587,5
733,4798,2480,2318,907,1086,9,2463,1524,939,1683,1087,596,469,17
299,1823,966,857,418,224,1,811,542,269,483,380,103,73,3
1114,7356,3747,3609,1578,1603,10,3396,2055,1341,2522,1663,859,806,20
103,637,346,291,123,395,1,315,206,109,278,136,142,6,3
123,750,403,347,126,40,0,337,231,106,434,239,195,22,150
45,252,134,118,65,246,3,134,65,69,112,56,56,0,0
225,1441,761,680,338,325,0,656,443,213,576,356,220,299,24
183,1273,692,581,267,363,0,310,218,92,550,426,124,243,0
315,2296,1194,1102,483,165,0,630,463,167,898,554,344,465,3
654,3858,1947,1911,786,765,2,2054,1234,820,1681,1006,675,344,27
414,2342,1150,1192,498,1078,0,1045,627,418,990,592,398,497,49
175,1146,622,524,199,212,0,505,340,165,421,325,96,165,6
238,1433,733,700,287,376,0,594,389,205,490,380,110,234,5
288,2132,1120,1012,448,357,1,1130,700,430,661,567,94,16,2
52,328,165,163,68,140,0,170,102,68,74,72,2,11,0
189,1126,587,539,213,394,0,566,361,205,343,256,87,157,0
90,672,344,328,138,179,0,396,202,194,242,163,79,6,0
203,1474,797,677,319,180,0,734,435,299,547,378,169,267,0
219,1293,672,621,220,475,0,792,393,399,463,339,124,281,2
329,2173,1148,1025,411,467,4,909,577,332,801,509,292,107,4
301,2036,1088,948,390,681,2,868,491,377,973,553,420,485,0
229,1229,638,591,223,299,0,706,401,305,387,282,105,188,4
279,1901,967,934,433,261,0,786,503,283,856,475,381,373,4
702,4583,2338,2245,897,743,0,1842,1056,786,1839,1156,683,442,18
0,0,0,0,0,0,0,0,0,0,0,0,0,0,0
446,2884,1519,1365,530,779,3,1307,828,479,1253,809,444,64,2
44,262,133,129,61,0,0,18,10,8,47,45,2,0,0
100,618,336,282,148,201,0,242,140,102,227,164,63,1,0
604,4037,2125,1912,867,991,1,1604,977,627,1719,981,738,219,1
161,792,402,390,190,465,0,275,175,100,324,172,152,169,3
322,2048,995,1053,423,284,1,1063,574,489,733,358,375,137,5
309,1937,982,955,343,472,1,1013,615,398,875,478,397,134,2
345,2306,1190,1116,511,429,1,1182,663,519,907,507,400,115,4
0,0,0,0,0,0,0,0,0,0,0,0,0,0,0
29,146,72,74,24,146,0,41,18,23,84,43,41,83,0
471,3502,1816,1686,686,570,0,1880,1140,740,1294,791,503,401,15
